Date,Open,Low,High,Close,Volume,Amount
2011-09-16 00:00:00,28.000,28.000,31.880,29.890,122194,358662000.00
2011-09-19 00:00:00,27.700,27.300,31.650,30.600,86932,254774000.00
2011-09-20 00:00:00,29.500,27.540,30.200,28.010,65608,188684200.00
2011-09-21 00:00:00,27.060,26.700,28.970,28.880,52726,147783400.00
2011-09-22 00:00:00,28.300,25.990,28.670,25.990,51906,140980700.00
2011-09-23 00:00:00,25.010,24.540,25.470,25.100,34331,85850380.00
2011-09-26 00:00:00,24.900,24.740,26.140,25.170,30106,77125430.00
2011-09-27 00:00:00,25.300,23.820,25.600,24.340,30595,74842380.00
2011-09-28 00:00:00,24.500,23.100,24.690,23.520,22556,54168280.00
2011-09-29 00:00:00,23.250,22.630,23.800,22.960,19852,45926570.00
2011-09-30 00:00:00,22.990,22.580,23.230,23.010,12914,29637430.00
2011-10-10 00:00:00,23.300,22.800,23.390,22.970,10559,24381310.00
2011-10-11 00:00:00,23.720,23.160,24.680,23.710,28394,68076100.00
2011-10-12 00:00:00,23.400,22.520,25.000,24.900,29389,70954890.00
2011-10-13 00:00:00,24.510,24.400,25.950,25.300,28380,72155950.00
2011-10-14 00:00:00,25.180,24.600,25.600,25.480,19914,49868590.00
2011-10-17 00:00:00,25.480,25.300,26.660,26.250,30029,78379390.00
2011-10-18 00:00:00,25.960,24.600,26.160,25.050,21388,54391540.00
2011-10-19 00:00:00,25.050,24.660,25.430,24.850,12308,30711730.00
2011-10-20 00:00:00,24.680,22.800,24.860,23.390,15444,36494780.00
2011-10-21 00:00:00,23.980,23.720,24.990,23.810,23126,56078190.00
2011-10-25 00:00:00,23.900,23.900,26.190,26.190,30704,77392740.00
2011-10-26 00:00:00,26.640,26.600,28.700,27.050,57118,155144000.00
2011-10-27 00:00:00,27.070,26.900,29.650,28.790,55680,156758900.00
2011-10-28 00:00:00,28.500,27.800,31.670,31.670,64140,190668900.00
2011-10-31 00:00:00,31.700,31.000,33.150,32.990,58819,187789100.00
2011-11-01 00:00:00,32.000,31.390,33.000,32.030,41862,133813400.00
2011-11-02 00:00:00,31.000,31.000,35.000,33.460,47295,153229800.00
2011-11-03 00:00:00,32.820,31.510,33.250,31.700,49175,158294300.00
2011-11-04 00:00:00,31.780,31.310,32.470,31.900,29796,94971590.00
2011-11-07 00:00:00,31.800,31.630,32.950,32.390,31277,101334400.00
2011-11-08 00:00:00,32.300,30.880,32.310,31.380,28177,88721650.00
2011-11-09 00:00:00,31.300,31.010,33.500,33.000,37064,118989000.00
2011-11-10 00:00:00,32.480,30.680,33.970,30.700,49820,162311100.00
2011-11-11 00:00:00,29.900,29.500,30.680,29.890,27284,81777750.00
2011-11-14 00:00:00,30.300,30.300,32.580,31.580,38211,120329600.00
2011-11-15 00:00:00,31.200,31.200,32.500,32.150,29544,94328590.00
2011-11-16 00:00:00,31.850,30.470,32.190,30.810,24429,76006680.00
2011-11-17 00:00:00,31.000,30.780,33.000,32.290,47073,150608500.00
2011-11-21 00:00:00,31.480,29.060,31.480,29.400,30652,90822940.00
2011-11-22 00:00:00,28.700,27.820,29.530,29.410,23335,66906220.00
2011-11-23 00:00:00,29.250,28.440,29.360,28.580,15167,43823630.00
2011-11-24 00:00:00,27.630,27.630,29.400,29.050,17334,49884380.00
2011-11-25 00:00:00,28.850,28.170,29.440,28.270,12888,36971120.00
2011-11-28 00:00:00,28.570,28.510,29.660,29.290,20892,60924650.00
2011-11-29 00:00:00,29.750,28.430,29.920,28.880,16053,46408480.00
2011-11-30 00:00:00,28.600,26.130,29.180,26.420,22413,61168000.00
2011-12-01 00:00:00,27.270,26.810,28.100,27.600,21464,59134730.00
2011-12-02 00:00:00,27.600,26.400,27.880,26.490,17396,47230540.00
2011-12-05 00:00:00,26.100,24.810,26.440,25.150,12661,32180410.00
2011-12-06 00:00:00,25.210,24.930,26.800,26.270,17865,46257290.00
2011-12-07 00:00:00,25.900,25.900,27.400,26.810,17936,48008920.00
2011-12-08 00:00:00,26.700,25.670,27.960,27.060,19850,53641620.00
2011-12-09 00:00:00,26.720,26.610,28.970,28.710,33954,95351620.00
2011-12-12 00:00:00,28.800,27.890,29.220,28.100,23701,67579290.00
2011-12-13 00:00:00,28.110,27.400,28.760,28.330,27202,76839740.00
2011-12-14 00:00:00,27.700,26.100,28.300,26.300,22347,61024680.00
2011-12-15 00:00:00,25.470,24.900,26.390,24.970,18726,47788060.00
2011-12-16 00:00:00,24.920,23.400,26.480,26.350,50812,126580600.00
2011-12-19 00:00:00,25.880,25.530,28.500,28.160,50215,133938100.00
2011-12-20 00:00:00,27.800,27.110,28.340,27.280,27864,77115880.00
2011-12-21 00:00:00,27.850,26.200,28.080,26.260,26792,73188350.00
2011-12-22 00:00:00,25.660,24.490,27.740,26.850,33744,88706100.00
2011-12-23 00:00:00,26.590,25.900,27.670,26.570,25167,67423880.00
2011-12-26 00:00:00,26.010,25.070,26.530,25.240,17729,45867300.00
2011-12-27 00:00:00,25.140,23.500,25.550,23.650,23101,56691520.00
2011-12-28 00:00:00,23.010,22.610,23.480,23.310,15031,34686850.00
2011-12-29 00:00:00,23.260,22.880,23.690,22.920,11779,27541660.00
2011-12-30 00:00:00,23.200,22.950,23.730,23.360,13607,31839990.00
2012-01-04 00:00:00,23.580,22.180,23.900,22.180,14327,33210300.00
2012-01-05 00:00:00,21.550,19.960,21.850,20.020,24565,50471410.00
2012-01-06 00:00:00,19.800,19.050,20.140,19.990,17685,34560190.00
2012-01-09 00:00:00,19.870,19.410,20.870,20.810,17452,35498680.00
2012-01-10 00:00:00,20.750,20.500,21.840,21.540,21157,45219970.00
2012-01-11 00:00:00,21.400,21.350,22.900,21.870,20925,46077530.00
2012-01-12 00:00:00,21.500,21.300,22.990,22.450,25220,55890770.00
2012-01-13 00:00:00,22.130,20.510,22.300,20.510,20334,43264090.00
2012-01-16 00:00:00,19.710,18.810,20.190,18.810,11031,21650980.00
2012-01-17 00:00:00,18.810,18.580,20.230,20.050,12777,24962990.00
2012-01-18 00:00:00,20.280,18.050,20.370,18.100,17697,33940420.00
2012-01-19 00:00:00,17.790,17.700,18.970,18.410,11613,21426950.00
2012-01-20 00:00:00,18.600,18.600,19.680,19.180,12339,23784440.00
2012-01-30 00:00:00,19.090,18.760,19.800,19.260,10954,21181880.00
2012-01-31 00:00:00,18.500,17.820,18.650,18.650,20202,36653560.00
2012-02-01 00:00:00,18.340,18.240,19.210,18.800,18185,34372340.00
2012-02-02 00:00:00,18.600,18.260,19.190,19.180,18769,35299280.00
2012-02-03 00:00:00,19.000,18.970,19.680,19.500,18008,34787690.00
2012-02-06 00:00:00,19.690,19.010,19.690,19.440,17172,33211140.00
2012-02-07 00:00:00,19.310,19.050,19.620,19.250,18123,35072150.00
2012-02-08 00:00:00,19.110,18.700,19.780,19.760,21273,41251150.00
2012-02-09 00:00:00,19.900,19.880,20.660,20.100,28779,58361090.00
2012-02-10 00:00:00,20.160,19.860,20.270,20.120,16002,32096770.00
2012-02-13 00:00:00,19.900,19.780,20.800,20.500,21699,44300090.00
2012-02-14 00:00:00,20.650,20.030,20.650,20.250,12905,26173400.00
2012-02-15 00:00:00,20.250,20.010,20.900,20.750,21728,44598870.00
2012-02-16 00:00:00,20.530,20.500,21.580,21.500,37302,78863710.00
2012-02-17 00:00:00,21.420,20.810,21.480,20.990,23469,49481420.00
2012-02-20 00:00:00,21.200,20.610,21.380,20.680,20116,42171310.00
2012-02-21 00:00:00,20.780,20.120,20.960,20.930,16293,33652520.00
2012-02-22 00:00:00,20.890,20.800,21.980,21.730,31152,66698490.00
2012-02-23 00:00:00,21.730,21.320,21.810,21.560,25024,53978140.00
2012-02-24 00:00:00,21.600,21.510,22.550,21.830,29985,65989110.00
2012-02-27 00:00:00,21.740,21.670,22.170,21.790,23388,51261880.00
2012-02-28 00:00:00,21.890,21.700,22.940,22.680,40773,90932300.00
2012-02-29 00:00:00,22.370,21.620,22.430,21.690,22267,49054920.00
2012-03-01 00:00:00,21.630,21.410,21.980,21.550,14188,30672540.00
2012-03-02 00:00:00,21.580,21.580,22.090,22.090,15260,33309560.00
2012-03-05 00:00:00,22.100,21.710,22.320,21.800,18008,39657720.00
2012-03-06 00:00:00,21.780,21.010,21.780,21.060,14787,31442890.00
2012-03-07 00:00:00,20.640,20.550,21.100,20.580,14710,30552180.00
2012-03-08 00:00:00,20.790,20.700,21.120,20.920,11821,24719120.00
2012-03-09 00:00:00,20.920,20.850,21.420,21.360,15945,33802010.00
2012-03-12 00:00:00,21.520,21.350,21.750,21.720,15574,33534700.00
2012-03-13 00:00:00,21.850,21.560,21.890,21.860,13914,30237150.00
2012-03-14 00:00:00,21.950,20.300,22.170,20.520,27216,58343630.00
2012-03-15 00:00:00,20.610,19.660,20.610,19.670,17070,34087460.00
2012-03-16 00:00:00,19.900,19.670,20.200,20.070,12956,25887380.00
2012-03-19 00:00:00,20.080,19.900,20.380,20.260,11276,22681920.00
2012-03-20 00:00:00,20.290,19.360,20.290,19.390,13395,26473010.00
2012-03-21 00:00:00,19.320,18.880,19.560,19.360,9810,18862880.00
2012-03-22 00:00:00,19.390,19.320,20.090,19.970,14963,29693090.00
2012-03-23 00:00:00,19.960,19.050,19.980,19.290,10445,20297300.00
2012-03-26 00:00:00,19.290,18.730,19.310,18.860,6627,12620580.00
2012-03-27 00:00:00,18.940,18.750,19.090,18.880,5584,10582950.00
2012-03-28 00:00:00,18.850,17.550,18.850,17.650,10219,18462380.00
2012-03-29 00:00:00,17.580,16.800,17.590,17.000,9679,16641470.00
2012-03-30 00:00:00,17.040,16.150,17.290,16.250,9640,15930690.00
2012-04-05 00:00:00,17.880,17.880,17.880,17.880,5354,9573989.00
2012-04-06 00:00:00,19.660,18.610,19.670,19.670,47061,90645820.00
2012-04-09 00:00:00,19.250,19.100,19.800,19.300,25152,48754990.00
2012-04-10 00:00:00,19.030,18.450,19.440,19.390,22774,43116820.00
2012-04-11 00:00:00,19.070,18.850,19.590,19.550,21520,41294390.00
2012-04-12 00:00:00,19.550,19.320,21.240,20.770,42908,87762930.00
2012-04-13 00:00:00,20.440,20.150,20.630,20.290,24222,49302880.00
2012-04-16 00:00:00,19.980,19.700,20.260,20.030,16073,32000490.00
2012-04-17 00:00:00,19.940,19.380,20.250,19.440,13655,26986400.00
2012-04-18 00:00:00,19.500,19.380,19.980,19.890,12758,25187340.00
2012-04-19 00:00:00,19.890,19.750,20.620,20.600,21803,44227160.00
2012-04-20 00:00:00,20.580,20.550,21.600,20.870,31483,66420540.00
2012-04-24 00:00:00,18.980,18.780,19.380,18.780,21848,41279550.00
2012-04-25 00:00:00,18.420,17.650,18.440,18.180,21158,38200190.00
2012-04-26 00:00:00,18.050,18.000,18.490,18.200,11345,20653850.00
2012-04-27 00:00:00,18.010,18.010,18.500,18.390,9575,17522570.00
2012-05-02 00:00:00,18.390,18.200,18.750,18.570,11281,20806790.00
2012-05-03 00:00:00,18.450,18.160,18.530,18.450,8926,16422480.00
2012-05-04 00:00:00,18.880,18.680,20.300,20.300,23715,47451910.00
2012-05-07 00:00:00,21.000,20.800,22.330,22.330,45471,98636680.00
2012-05-08 00:00:00,24.450,24.110,24.560,24.560,27221,66592720.00
2012-05-09 00:00:00,25.000,24.190,26.730,24.920,88118,224809200.00
2012-05-10 00:00:00,23.880,23.500,24.550,23.810,50776,121209700.00
2012-05-11 00:00:00,23.480,23.360,25.980,24.400,62814,155108500.00
2012-05-14 00:00:00,23.880,23.600,26.840,26.840,70549,180710700.00
2012-05-15 00:00:00,26.200,25.100,26.480,25.400,48883,125769100.00
2012-05-16 00:00:00,25.010,25.000,25.990,25.000,27842,70791410.00
2012-05-17 00:00:00,25.010,24.810,25.800,25.300,31419,79274360.00
2012-05-18 00:00:00,25.200,24.500,27.100,25.910,56605,147871300.00
2012-05-21 00:00:00,25.600,23.320,25.760,23.320,45651,107909000.00
2012-05-22 00:00:00,22.780,22.110,23.900,23.420,37318,85578660.00
2012-05-23 00:00:00,23.090,22.000,23.090,22.400,40548,91257990.00
2012-05-24 00:00:00,22.200,22.110,22.640,22.280,23555,52812980.00
2012-05-25 00:00:00,22.440,22.010,22.770,22.430,21189,47531380.00
2012-05-28 00:00:00,22.330,22.250,23.350,23.060,29427,67092260.00
2012-05-29 00:00:00,23.000,22.110,23.880,23.230,43471,99751140.00
2012-05-30 00:00:00,22.880,22.710,25.170,24.280,51920,125592000.00
2012-05-31 00:00:00,26.000,24.950,26.710,26.710,39371,103378900.00
2012-06-01 00:00:00,29.250,28.210,29.380,28.280,88421,256955900.00
2012-06-04 00:00:00,28.000,27.700,31.110,31.110,75179,225563100.00
2012-06-05 00:00:00,31.400,31.000,34.180,31.870,90027,289607400.00
2012-06-06 00:00:00,30.970,29.800,31.700,30.930,53767,164907900.00
2012-06-07 00:00:00,31.160,30.360,34.040,34.040,171104,285725500.00
2012-06-08 00:00:00,34.000,33.000,37.440,37.440,183882,327288500.00
2012-06-15 00:00:00,40.780,38.280,41.180,41.180,136390,271998600.00
2012-06-18 00:00:00,43.320,42.100,45.300,45.300,133548,294784300.00
2012-06-19 00:00:00,45.000,42.120,48.200,43.400,184278,419984300.00
2012-06-20 00:00:00,42.620,42.440,44.500,43.640,98759,214574400.00
2012-06-21 00:00:00,42.620,41.000,42.960,41.760,88638,185394300.00
2012-06-25 00:00:00,41.580,41.240,45.400,43.700,123790,269876600.00
2012-06-26 00:00:00,41.740,39.340,42.500,42.500,94965,193623100.00
2012-06-27 00:00:00,41.400,40.660,42.320,41.320,72819,151228000.00
2012-06-28 00:00:00,40.900,38.500,41.700,38.660,83118,165797800.00
2012-06-29 00:00:00,39.220,38.700,40.600,38.900,68796,136034900.00
2012-07-02 00:00:00,38.940,38.940,41.000,40.440,77279,154712600.00
2012-07-03 00:00:00,40.380,39.420,40.860,39.760,61692,123562500.00
2012-07-04 00:00:00,39.840,38.740,40.740,40.500,67146,134238500.00
2012-07-05 00:00:00,41.100,41.100,44.560,44.560,151678,329536600.00
2012-07-06 00:00:00,44.800,41.860,45.000,43.520,119188,259974800.00
2012-07-09 00:00:00,42.000,41.600,43.320,42.140,63386,133808100.00
2012-07-10 00:00:00,41.380,39.200,42.800,39.600,64952,134382100.00
2012-07-11 00:00:00,38.000,36.400,40.620,40.520,72498,137698000.00
2012-07-12 00:00:00,39.700,39.240,43.120,40.920,74675,155176600.00
2012-07-13 00:00:00,40.000,39.300,40.560,40.060,44768,89361260.00
2012-07-16 00:00:00,36.060,36.060,38.560,36.600,59343,110702000.00
2012-07-17 00:00:00,36.040,36.040,37.700,37.020,32933,60902840.00
2012-07-18 00:00:00,36.500,36.260,38.000,37.360,31072,57335490.00
2012-07-19 00:00:00,37.400,36.800,38.380,38.000,46474,87753250.00
2012-07-20 00:00:00,37.960,36.120,37.960,36.520,41845,77279720.00
2012-07-23 00:00:00,36.760,36.500,39.140,37.640,61307,116872000.00
2012-07-24 00:00:00,36.000,35.800,38.000,37.260,39075,72074900.00
2012-07-25 00:00:00,36.800,36.800,39.020,37.840,55018,104648500.00
2012-07-26 00:00:00,37.760,36.400,37.800,36.720,37041,68642640.00
2012-07-27 00:00:00,36.800,34.800,37.360,35.080,38339,68518260.00
2012-07-30 00:00:00,34.700,33.000,35.640,33.400,28405,48318080.00
2012-07-31 00:00:00,33.120,31.500,33.600,32.140,32724,52667310.00
2012-08-01 00:00:00,32.000,31.800,33.100,32.660,26522,43250800.00
2012-08-02 00:00:00,32.660,32.000,34.000,33.480,37822,62467330.00
2012-08-03 00:00:00,33.000,32.800,34.620,34.000,42021,70959540.00
2012-08-06 00:00:00,33.540,33.400,35.540,35.020,47708,83058220.00
2012-08-07 00:00:00,34.900,34.240,35.380,35.000,37477,65310750.00
2012-08-08 00:00:00,34.900,33.660,34.980,33.920,33790,57913600.00
2012-08-09 00:00:00,34.000,33.420,35.000,34.580,42123,71994160.00
2012-08-10 00:00:00,34.620,33.800,34.920,34.060,26658,45613460.00
2012-08-13 00:00:00,33.900,33.400,35.000,33.640,28327,48349130.00
2012-08-14 00:00:00,33.180,32.060,33.920,33.600,27615,45619220.00
2012-08-15 00:00:00,33.500,32.600,33.600,32.600,16910,27964100.00
2012-08-16 00:00:00,32.680,31.820,32.980,32.120,14427,23364700.00
2012-08-17 00:00:00,32.120,31.540,32.300,32.020,15327,24446420.00
2012-08-20 00:00:00,32.060,31.720,32.700,32.600,17845,28937700.00
2012-08-21 00:00:00,32.700,32.340,35.000,34.280,55392,93650350.00
2012-08-22 00:00:00,33.760,33.760,36.400,35.640,88339,157374500.00
2012-08-23 00:00:00,34.760,34.040,35.300,34.760,47020,81449250.00
2012-08-24 00:00:00,34.420,32.960,34.600,33.040,30273,51271540.00
2012-08-27 00:00:00,33.400,32.700,34.600,33.040,34669,58388190.00
2012-08-28 00:00:00,33.000,32.200,33.540,33.100,26962,44152060.00
2012-08-29 00:00:00,32.960,32.200,33.300,32.340,19613,31959340.00
2012-08-30 00:00:00,31.980,29.200,32.300,30.240,34887,53652510.00
2012-08-31 00:00:00,30.200,30.000,30.560,30.340,12604,19087680.00
2012-09-03 00:00:00,30.240,30.240,30.980,30.800,12759,19607010.00
2012-09-04 00:00:00,30.840,30.640,31.460,30.780,18638,28932780.00
2012-09-05 00:00:00,30.980,30.760,31.420,31.100,16685,25915540.00
2012-09-06 00:00:00,30.720,30.720,32.400,32.120,33385,52839240.00
2012-09-07 00:00:00,32.800,32.700,35.340,35.340,67534,114643000.00
2012-09-10 00:00:00,35.600,34.640,36.340,35.480,75227,133292500.00
2012-09-11 00:00:00,34.700,33.840,34.900,34.420,39480,67785450.00
2012-09-12 00:00:00,34.620,33.920,35.940,35.360,59418,104054400.00
2012-09-13 00:00:00,35.300,33.640,35.360,33.640,35461,61222160.00
2012-09-14 00:00:00,33.760,31.360,34.120,32.600,44247,72288500.00
2012-09-17 00:00:00,32.400,31.000,32.400,31.540,20631,32603230.00
2012-09-18 00:00:00,31.760,31.500,32.400,32.080,18066,28902090.00
2012-09-19 00:00:00,32.440,31.660,32.700,32.120,12992,20818680.00
2012-09-20 00:00:00,32.120,30.200,32.120,30.240,18798,29169260.00
2012-09-21 00:00:00,31.500,30.240,31.720,30.500,16738,26022960.00
2012-09-24 00:00:00,30.380,29.440,30.760,30.660,13057,19723020.00
2012-09-25 00:00:00,30.400,30.000,31.260,30.440,11527,17710520.00
2012-09-26 00:00:00,30.000,29.200,30.420,29.480,12702,18854190.00
2012-09-27 00:00:00,29.460,29.460,30.720,29.900,16680,25084140.00
2012-09-28 00:00:00,29.680,29.620,30.900,30.720,16785,25666410.00
2012-10-08 00:00:00,30.400,30.400,31.460,30.840,13047,20119320.00
2012-10-09 00:00:00,31.200,30.820,31.980,31.720,23099,36386660.00
2012-10-10 00:00:00,34.000,33.300,34.900,34.900,102337,176674200.00
2012-10-11 00:00:00,35.180,34.900,37.400,35.680,122062,219698700.00
2012-10-12 00:00:00,35.240,33.600,35.240,34.280,49429,84598610.00
2012-10-15 00:00:00,34.600,33.760,35.660,34.520,32629,56786130.00
2012-10-16 00:00:00,34.000,32.880,34.400,33.840,32535,54694710.00
2012-10-17 00:00:00,33.820,33.060,34.080,33.460,25165,42224930.00
2012-10-18 00:00:00,33.460,33.200,34.340,33.880,31511,53469580.00
2012-10-19 00:00:00,33.880,33.700,34.620,33.920,26218,44866620.00
2012-10-22 00:00:00,33.280,32.560,33.780,33.540,22814,37735260.00
2012-10-23 00:00:00,33.540,33.120,34.960,34.300,39322,67180080.00
2012-10-24 00:00:00,33.980,33.220,34.160,33.360,23992,40307860.00
2012-10-25 00:00:00,33.640,32.800,34.380,32.800,21442,36066730.00
2012-10-26 00:00:00,32.800,31.320,32.800,31.600,25916,41198760.00
2012-10-29 00:00:00,31.600,30.920,31.900,31.320,12181,19181220.00
2012-10-30 00:00:00,31.400,31.200,31.860,31.540,13301,20977860.00
2012-10-31 00:00:00,31.580,31.580,32.200,32.200,13201,21008900.00
2012-11-01 00:00:00,32.600,32.300,35.000,34.260,51604,88121910.00
2012-11-02 00:00:00,33.760,33.320,34.260,33.860,30694,51731140.00
2012-11-05 00:00:00,33.760,32.960,34.140,33.040,20002,33344990.00
2012-11-06 00:00:00,33.000,32.140,33.500,32.540,20218,32914180.00
2012-11-07 00:00:00,32.840,32.300,33.100,32.620,11880,19361080.00
2012-11-08 00:00:00,32.200,31.220,32.200,31.360,17707,28067970.00
2012-11-09 00:00:00,31.000,30.600,31.560,30.800,15480,23995320.00
2012-11-12 00:00:00,30.860,30.860,33.500,33.000,39357,64187380.00
2012-11-13 00:00:00,33.200,32.480,34.960,33.360,61053,102849900.00
2012-11-14 00:00:00,33.020,31.200,33.300,32.400,32838,53077820.00
2012-11-15 00:00:00,31.920,31.500,33.860,32.520,28592,46995840.00
2012-11-16 00:00:00,32.360,32.040,33.900,33.800,41899,69975380.00
2012-11-19 00:00:00,33.560,33.000,34.900,34.740,61164,104755800.00
2012-11-20 00:00:00,34.820,33.520,35.000,33.700,40776,69383740.00
2012-11-21 00:00:00,33.520,31.800,33.880,33.060,40007,65575400.00
2012-11-22 00:00:00,32.760,32.440,33.500,32.800,24343,40199510.00
2012-11-23 00:00:00,33.000,31.920,33.100,32.020,30424,49149440.00
2012-11-26 00:00:00,31.900,31.640,32.360,31.880,16530,26481930.00
2012-11-27 00:00:00,32.040,30.220,32.040,30.520,27741,42688160.00
2012-11-28 00:00:00,30.040,29.000,30.540,29.480,19495,28692150.00
2012-11-29 00:00:00,29.580,28.820,30.000,29.100,22585,33356010.00
2012-11-30 00:00:00,29.400,28.800,29.860,29.700,17564,25853700.00
2012-12-03 00:00:00,29.760,28.840,29.960,28.880,14752,21676810.00
2012-12-04 00:00:00,28.700,26.100,28.900,28.660,29416,40224460.00
2012-12-05 00:00:00,28.100,27.060,30.220,29.640,31257,45810670.00
2012-12-06 00:00:00,29.500,29.060,30.260,29.560,20206,30079220.00
2012-12-07 00:00:00,29.200,29.100,31.440,30.780,38815,58823250.00
2012-12-10 00:00:00,30.400,30.360,31.960,31.900,44529,69402730.00
2012-12-11 00:00:00,31.580,30.800,31.760,30.940,31352,48974750.00
2012-12-12 00:00:00,30.700,30.320,32.760,31.960,45126,71347180.00
2012-12-13 00:00:00,31.940,30.160,31.960,30.600,44459,68705100.00
2012-12-14 00:00:00,30.280,30.280,31.920,31.520,45137,70703670.00
2012-12-17 00:00:00,31.040,31.020,31.940,31.520,37425,58826240.00
2012-12-18 00:00:00,31.360,31.220,32.720,32.540,65349,105119100.00
2012-12-19 00:00:00,32.380,31.800,32.900,32.080,39255,63280530.00
2012-12-20 00:00:00,31.820,31.120,32.460,31.700,41887,66530320.00
2012-12-21 00:00:00,32.060,32.000,33.500,32.200,54822,89340770.00
2012-12-24 00:00:00,31.820,31.500,32.700,31.960,31684,50772430.00
2012-12-25 00:00:00,32.080,31.620,35.160,35.160,101518,173119200.00
2012-12-27 00:00:00,38.680,37.800,38.680,38.680,64846,125330400.00
2012-12-28 00:00:00,40.060,39.800,42.540,42.540,144594,299152400.00
2012-12-31 00:00:00,42.540,42.000,46.800,45.400,160861,364168400.00
2013-01-04 00:00:00,45.240,42.920,46.000,44.200,130229,287597900.00
2013-01-07 00:00:00,43.720,43.500,44.740,44.400,77798,171700600.00
2013-01-08 00:00:00,44.040,43.020,46.560,43.800,120521,269672500.00
2013-01-09 00:00:00,43.140,42.000,43.380,43.000,69334,148376500.00
2013-01-10 00:00:00,43.000,42.420,43.700,43.480,57837,124907000.00
2013-01-11 00:00:00,43.100,42.820,45.160,43.200,63532,139337700.00
2013-01-14 00:00:00,44.000,43.400,45.540,44.360,72079,160039100.00
2013-01-15 00:00:00,43.800,43.500,48.800,48.800,153100,363960200.00
2013-01-16 00:00:00,47.680,44.900,48.220,45.480,110427,254876800.00
2013-01-17 00:00:00,45.500,43.360,45.620,44.680,56809,126783200.00
2013-01-18 00:00:00,45.000,44.560,46.640,45.200,59758,136406300.00
2013-01-21 00:00:00,45.520,44.100,45.720,45.260,38339,86514510.00
2013-01-22 00:00:00,45.260,42.780,45.260,43.500,47818,104754500.00
2013-01-23 00:00:00,43.700,43.160,44.580,44.320,34100,75082270.00
2013-01-24 00:00:00,44.360,42.040,44.600,42.420,44676,96904600.00
2013-01-25 00:00:00,42.600,42.100,43.560,42.100,30027,64076060.00
2013-01-28 00:00:00,42.400,41.600,43.540,43.420,30936,65920800.00
2013-01-29 00:00:00,43.740,43.540,46.700,44.700,75405,170301500.00
2013-01-30 00:00:00,44.800,43.900,45.700,44.860,34915,77708460.00
2013-01-31 00:00:00,44.880,44.360,45.560,44.840,40681,91476850.00
2013-02-01 00:00:00,44.500,42.800,44.500,43.520,40120,87370060.00
2013-02-04 00:00:00,43.600,40.040,43.600,41.540,40693,85406070.00
2013-02-05 00:00:00,41.180,40.560,41.600,41.540,27009,55526840.00
2013-02-06 00:00:00,41.560,41.400,42.360,41.780,16811,35232260.00
2013-02-07 00:00:00,41.760,41.440,42.580,42.140,20694,43653580.00
2013-02-08 00:00:00,41.960,41.520,43.200,42.960,27071,57470220.00
2013-02-18 00:00:00,43.700,43.200,46.000,45.160,66413,149781300.00
2013-02-19 00:00:00,45.520,45.000,48.360,46.640,94519,220397300.00
2013-02-20 00:00:00,46.700,45.860,48.600,46.560,84925,201397700.00
2013-02-21 00:00:00,46.200,43.400,46.400,45.760,47740,108869100.00
2013-02-22 00:00:00,45.940,45.140,47.980,45.500,45445,105544800.00
2013-02-25 00:00:00,45.520,45.520,50.060,50.060,99239,241907300.00
2013-02-26 00:00:00,51.440,51.240,55.000,52.400,155245,410512000.00
2013-02-27 00:00:00,52.060,50.040,53.600,51.700,96139,247701000.00
2013-02-28 00:00:00,51.160,50.200,53.500,53.100,98133,254660300.00
2013-03-01 00:00:00,52.720,52.200,56.880,55.500,96528,264846800.00
2013-03-04 00:00:00,54.220,53.000,57.500,53.600,100046,275913100.00
2013-03-05 00:00:00,52.400,51.000,54.800,53.200,65172,172398800.00
2013-03-06 00:00:00,52.800,51.500,53.980,51.960,59097,154951500.00
2013-03-07 00:00:00,52.100,50.000,53.400,50.520,48670,125818100.00
2013-03-08 00:00:00,50.520,49.700,51.000,49.780,30413,76200680.00
2013-03-11 00:00:00,49.800,49.800,51.940,51.220,35942,91808460.00
2013-03-12 00:00:00,51.240,49.180,52.500,50.280,44215,112539400.00
2013-03-13 00:00:00,49.740,48.020,49.780,49.320,31830,77709380.00
2013-03-14 00:00:00,49.280,48.840,51.100,51.100,39980,101015800.00
2013-03-15 00:00:00,51.000,50.400,52.500,51.300,41830,107740600.00
2013-03-18 00:00:00,50.800,50.560,52.220,51.560,33886,87424550.00
2013-03-19 00:00:00,51.680,49.020,51.900,49.800,31210,78395660.00
2013-03-20 00:00:00,49.800,49.040,51.280,50.880,32310,81323600.00
2013-03-21 00:00:00,51.020,51.000,55.160,53.060,77248,205531700.00
2013-03-22 00:00:00,53.400,51.820,53.400,52.360,36036,94550860.00
2013-03-25 00:00:00,52.760,51.800,53.660,52.480,35296,92824100.00
2013-03-26 00:00:00,51.800,51.060,51.960,51.120,23185,59559740.00
2013-03-27 00:00:00,50.700,50.600,51.840,50.860,17891,45751090.00
2013-03-28 00:00:00,50.660,49.160,51.500,49.200,26030,65387320.00
2013-03-29 00:00:00,49.440,48.520,50.260,48.800,18912,46626550.00
2013-04-01 00:00:00,48.800,48.500,50.640,50.100,19029,47439660.00
2013-04-02 00:00:00,50.580,48.400,51.060,48.620,23451,58074420.00
2013-04-03 00:00:00,50.000,48.800,50.200,49.380,19678,48591080.00
2013-04-08 00:00:00,48.620,45.040,49.900,49.860,23005,55322800.00
2013-04-09 00:00:00,50.080,49.420,50.080,49.540,18655,46317360.00
2013-04-10 00:00:00,49.760,47.820,49.760,48.780,18390,44531860.00
2013-04-11 00:00:00,49.000,47.920,50.000,49.340,20743,51086460.00
2013-04-12 00:00:00,49.000,48.020,49.260,48.760,15880,38517080.00
2013-04-15 00:00:00,48.980,48.040,49.200,48.800,15089,36780600.00
2013-04-16 00:00:00,48.200,48.100,49.500,49.480,14641,35936230.00
2013-04-17 00:00:00,49.600,49.200,50.200,50.100,24683,61407210.00
2013-04-18 00:00:00,49.800,49.440,52.380,52.360,51173,131737000.00
2013-04-19 00:00:00,53.960,52.420,54.560,52.640,61963,164759200.00
2013-04-22 00:00:00,52.600,51.600,53.240,53.040,39368,103274900.00
2013-04-23 00:00:00,53.180,50.800,53.800,50.840,38288,99830340.00
2013-04-24 00:00:00,50.820,50.800,52.760,52.300,34122,88723100.00
2013-04-25 00:00:00,52.600,51.360,53.400,51.700,41417,108364900.00
2013-04-26 00:00:00,51.600,48.600,52.200,48.760,29703,74297040.00
2013-05-02 00:00:00,48.980,48.400,49.520,49.400,12374,30435750.00
2013-05-03 00:00:00,49.980,49.600,51.980,51.900,33630,86472820.00
2013-05-06 00:00:00,52.380,51.840,53.520,52.800,40257,106187700.00
2013-05-07 00:00:00,53.500,52.580,55.000,52.640,56855,152701900.00
2013-05-08 00:00:00,52.920,51.720,53.080,52.760,35280,92523240.00
2013-05-09 00:00:00,53.020,52.600,54.860,54.060,56859,152771200.00
2013-05-10 00:00:00,54.200,54.000,57.000,54.320,71381,197641300.00
2013-05-13 00:00:00,56.000,54.980,57.600,55.100,61942,173283800.00
2013-05-14 00:00:00,55.580,52.260,55.600,52.520,40947,108257800.00
2013-05-15 00:00:00,52.780,51.220,55.000,54.940,50944,136481200.00
2013-05-16 00:00:00,54.600,53.020,54.900,53.840,49097,132443000.00
2013-05-17 00:00:00,53.980,52.360,54.460,53.700,34751,93106800.00
2013-05-20 00:00:00,53.720,53.460,55.560,55.280,60165,164410200.00
2013-05-21 00:00:00,56.500,54.920,60.800,60.800,116127,333565100.00
2013-05-22 00:00:00,59.400,57.020,61.260,57.400,87051,258107300.00
2013-05-23 00:00:00,57.300,56.940,59.800,58.060,67257,195644100.00
2013-05-24 00:00:00,57.720,56.560,58.920,58.380,72760,209970500.00
2013-05-27 00:00:00,57.588,57.588,62.788,61.108,252031,381595200.00
2013-05-28 00:00:00,60.148,57.348,60.548,59.068,152170,223175600.00
2013-05-29 00:00:00,58.988,57.668,59.908,58.268,115908,170028800.00
2013-05-30 00:00:00,57.668,57.228,59.268,58.548,96562,140958600.00
2013-05-31 00:00:00,58.068,57.268,60.068,58.628,159577,233831300.00
2013-06-03 00:00:00,58.028,56.108,58.588,56.268,108700,155011900.00
2013-06-04 00:00:00,56.828,55.268,57.588,55.908,85166,120253400.00
2013-06-05 00:00:00,55.948,55.388,57.068,56.228,53752,75417480.00
2013-06-06 00:00:00,57.068,54.468,57.268,54.668,67610,94571200.00
2013-06-07 00:00:00,54.668,52.668,55.588,53.908,53534,72458010.00
2013-06-13 00:00:00,53.108,49.428,53.108,52.268,63192,81479610.00
2013-06-14 00:00:00,52.708,52.348,54.708,53.948,72241,96623880.00
2013-06-17 00:00:00,54.828,53.468,56.468,55.628,86407,119373600.00
2013-06-18 00:00:00,54.868,53.868,56.788,55.988,88963,122878000.00
2013-06-19 00:00:00,55.068,54.308,56.468,55.228,59496,82197270.00
2013-06-20 00:00:00,54.708,50.508,55.228,50.588,77559,102749800.00
2013-06-21 00:00:00,48.508,47.868,50.908,49.828,45464,56237710.00
2013-06-24 00:00:00,49.268,45.268,50.708,45.268,64412,76695920.00
2013-06-25 00:00:00,45.268,40.748,46.668,46.548,91249,100538600.00
2013-06-26 00:00:00,46.868,45.668,49.548,49.188,110678,133581400.00
2013-06-27 00:00:00,50.108,49.588,54.108,52.068,201175,263619000.00
2013-06-28 00:00:00,50.708,49.868,53.028,50.308,125133,160249300.00
2013-07-01 00:00:00,49.708,49.268,52.388,52.028,84795,108996100.00
2013-07-02 00:00:00,52.028,51.468,54.828,54.508,134103,177138900.00
2013-07-03 00:00:00,53.268,52.108,54.508,53.668,113538,151498900.00
2013-07-04 00:00:00,53.588,52.588,54.748,53.268,105888,142700700.00
2013-07-05 00:00:00,54.108,52.748,55.588,53.268,122342,166458300.00
2013-07-08 00:00:00,50.868,48.908,51.948,48.948,89090,111940000.00
2013-07-09 00:00:00,48.948,48.588,50.028,49.668,42148,51960930.00
2013-07-10 00:00:00,49.628,49.268,51.548,51.228,64301,81180660.00
2013-07-11 00:00:00,51.068,50.388,52.628,51.868,88720,114204300.00
2013-07-12 00:00:00,51.948,51.668,54.268,52.748,125857,167389600.00
2013-07-15 00:00:00,53.268,53.268,54.668,54.628,120546,162777400.00
2013-07-16 00:00:00,55.588,53.508,56.068,54.508,97706,133287300.00
2013-07-17 00:00:00,54.388,52.868,55.228,53.068,84799,114332400.00
2013-07-18 00:00:00,52.788,52.308,54.268,53.388,64535,86023260.00
2013-07-19 00:00:00,53.068,52.468,54.668,52.628,93875,125874700.00
2013-07-22 00:00:00,51.508,50.948,55.468,55.348,149332,201588700.00
2013-07-23 00:00:00,56.468,54.908,57.028,56.268,184205,258084800.00
2013-07-24 00:00:00,56.228,54.668,61.708,60.108,259507,374651300.00
2013-07-25 00:00:00,59.468,56.148,59.868,56.148,191594,277855200.00
2013-07-26 00:00:00,55.388,54.508,57.388,56.428,107006,150226100.00
2013-07-29 00:00:00,55.588,53.948,56.268,54.028,82862,113554700.00
2013-07-30 00:00:00,53.388,50.228,54.668,53.668,77837,102967300.00
2013-07-31 00:00:00,54.068,53.868,56.748,55.108,88403,122405100.00
2013-08-01 00:00:00,56.068,55.268,57.868,57.108,132154,186783500.00
2013-08-02 00:00:00,57.108,56.828,59.188,57.268,154479,223279600.00
2013-08-05 00:00:00,57.348,57.108,58.788,57.588,99379,143600700.00
2013-08-06 00:00:00,57.268,57.188,58.468,57.868,92377,133505800.00
2013-08-07 00:00:00,57.788,55.308,57.788,56.308,122418,172613200.00
2013-08-08 00:00:00,55.868,55.668,57.588,56.388,65338,92409140.00
2013-08-09 00:00:00,56.308,53.628,57.068,54.948,85668,118383900.00
2013-08-12 00:00:00,56.348,55.468,57.588,56.108,94483,132895100.00
2013-08-13 00:00:00,56.068,55.468,58.108,58.108,115198,164101800.00
2013-08-14 00:00:00,57.588,56.708,58.268,57.268,86718,124145900.00
2013-08-15 00:00:00,57.668,55.468,57.708,55.628,81882,115406900.00
2013-08-16 00:00:00,54.908,54.268,56.468,54.348,73681,101876800.00
2013-08-19 00:00:00,54.348,53.668,55.388,55.188,47529,65183690.00
2013-08-20 00:00:00,54.988,54.228,55.788,54.748,43810,60116700.00
2013-08-21 00:00:00,54.628,54.308,56.228,55.708,54959,76236450.00
2013-08-22 00:00:00,55.708,54.708,55.708,54.868,46672,64148520.00
2013-08-23 00:00:00,55.068,52.868,55.748,54.228,59917,81638030.00
2013-08-26 00:00:00,54.228,53.668,55.108,54.988,59925,81361970.00
2013-08-27 00:00:00,55.188,54.108,55.268,54.668,53960,73505110.00
2013-08-28 00:00:00,54.668,53.588,54.668,53.748,58291,78624450.00
2013-08-29 00:00:00,54.068,53.628,54.948,53.668,61868,83678570.00
2013-08-30 00:00:00,53.668,50.268,53.988,50.468,96331,124543300.00
2013-09-02 00:00:00,50.468,49.428,52.028,51.868,44208,56253660.00
2013-09-03 00:00:00,51.868,51.308,52.588,52.068,35355,45907340.00
2013-09-04 00:00:00,52.068,51.748,52.948,51.868,30845,40257640.00
2013-09-05 00:00:00,51.468,51.468,52.588,51.908,34432,44741640.00
2013-09-06 00:00:00,51.668,51.028,57.108,55.468,169421,233290100.00
2013-09-09 00:00:00,56.108,54.668,58.308,57.588,217278,306875800.00
2013-09-10 00:00:00,57.148,56.548,63.268,60.948,274549,415424900.00
2013-09-11 00:00:00,60.948,57.548,60.948,57.868,153810,224904400.00
2013-09-12 00:00:00,58.268,55.668,58.908,56.628,122628,174569100.00
2013-09-13 00:00:00,57.388,56.668,58.388,56.908,81658,117128500.00
2013-09-16 00:00:00,56.628,55.788,59.188,58.748,96452,138602500.00
2013-09-17 00:00:00,59.548,57.148,60.748,57.148,138025,204245400.00
2013-09-18 00:00:00,56.108,56.068,58.268,57.748,66466,94731380.00
2013-09-23 00:00:00,58.788,57.188,59.868,58.468,105447,154282500.00
2013-09-24 00:00:00,58.028,57.388,59.068,57.788,95496,138406700.00
2013-09-25 00:00:00,57.308,55.908,57.628,55.948,87788,124107700.00
2013-09-26 00:00:00,56.028,54.308,56.628,54.348,56049,77868770.00
2013-09-27 00:00:00,54.468,54.108,55.388,54.348,40334,55025360.00
2013-09-30 00:00:00,54.668,54.668,56.068,55.548,34842,48280680.00
2013-10-08 00:00:00,55.828,55.788,58.068,57.548,80689,115349800.00
2013-10-09 00:00:00,57.468,57.028,59.068,58.228,97262,141362100.00
2013-10-10 00:00:00,58.588,56.108,58.588,56.228,86885,123138700.00
2013-10-11 00:00:00,56.508,56.308,57.708,56.828,60538,86081280.00
2013-10-14 00:00:00,56.828,56.308,58.988,58.828,104440,149965400.00
2013-10-15 00:00:00,58.828,57.708,59.988,59.468,159995,235500400.00
2013-10-16 00:00:00,59.268,56.108,59.508,58.468,110386,159798000.00
2013-10-17 00:00:00,60.108,60.108,64.308,64.308,237857,375840400.00
2013-10-18 00:00:00,68.548,66.308,70.748,70.748,578390,1003337000.00
2013-10-21 00:00:00,70.708,68.748,77.828,76.188,544037,1001020000.00
2013-10-22 00:00:00,74.068,73.188,81.388,73.268,448910,859627800.00
2013-10-23 00:00:00,71.868,69.468,75.908,73.348,248519,451283900.00
2013-10-24 00:00:00,70.068,68.068,71.548,70.588,163333,285562000.00
2013-10-25 00:00:00,70.588,70.388,74.828,71.508,213639,386105400.00
2013-10-28 00:00:00,70.068,66.068,71.788,69.308,136729,237190300.00
2013-10-29 00:00:00,67.948,62.868,70.908,66.108,171724,283821600.00
2013-10-30 00:00:00,66.068,65.108,67.628,67.548,102578,170416000.00
2013-10-31 00:00:00,66.788,63.668,66.788,63.748,102105,166072400.00
2013-11-01 00:00:00,62.508,60.508,63.628,61.068,98250,151368800.00
2013-11-04 00:00:00,61.868,61.668,64.708,64.068,110535,175654100.00
2013-11-05 00:00:00,63.628,62.948,67.068,66.828,107290,174525800.00
2013-11-06 00:00:00,66.228,64.348,69.108,64.508,142812,238701600.00
2013-11-07 00:00:00,64.148,63.268,66.468,64.748,77157,125152600.00
2013-11-08 00:00:00,64.868,64.588,66.388,65.748,75875,123992900.00
2013-11-11 00:00:00,66.868,65.348,67.988,65.988,75214,124982000.00
2013-11-12 00:00:00,66.188,64.148,67.148,66.708,78486,128553300.00
2013-11-13 00:00:00,65.988,62.948,66.788,63.028,78752,128028100.00
2013-11-14 00:00:00,61.948,61.068,63.828,63.588,68948,107795200.00
2013-11-15 00:00:00,63.988,63.708,67.068,65.828,92932,152317900.00
2013-11-18 00:00:00,66.188,65.388,67.348,66.988,106754,177137000.00
2013-11-19 00:00:00,66.988,65.788,68.868,67.468,94532,159511700.00
2013-11-20 00:00:00,67.068,66.228,68.228,68.228,76378,128365100.00
2013-11-21 00:00:00,67.588,66.508,68.748,67.268,70467,118911500.00
2013-11-22 00:00:00,67.628,66.388,68.028,66.668,57323,96122250.00
2013-11-25 00:00:00,66.708,66.108,67.468,66.348,50803,84795440.00
2013-11-26 00:00:00,66.268,63.708,66.708,64.668,63979,103690200.00
2013-11-27 00:00:00,65.228,64.868,68.468,68.148,100076,166896400.00
2013-11-28 00:00:00,68.548,66.948,68.788,67.188,81026,136947100.00
2013-11-29 00:00:00,67.348,67.108,71.268,70.308,133387,229923800.00
2013-12-02 00:00:00,68.068,63.268,68.588,63.268,144072,236212600.00
2013-12-03 00:00:00,61.188,59.988,64.068,63.268,78337,121192000.00
2013-12-04 00:00:00,63.268,62.468,64.868,62.668,83383,133076300.00
2013-12-05 00:00:00,62.148,61.628,64.388,63.108,66749,105190800.00
2013-12-06 00:00:00,61.788,61.788,63.468,62.428,41804,65326500.00
2013-12-09 00:00:00,63.068,62.628,64.308,63.868,53718,85221420.00
2013-12-10 00:00:00,63.948,62.188,63.988,62.388,45751,71656020.00
2013-12-11 00:00:00,62.388,61.148,63.068,61.588,42288,65562400.00
2013-12-12 00:00:00,61.508,61.188,62.348,61.748,38005,58754620.00
2013-12-13 00:00:00,61.668,60.628,63.668,62.788,58238,90320310.00
2013-12-16 00:00:00,62.468,61.228,62.908,62.428,45916,71041300.00
2013-12-17 00:00:00,62.148,60.588,62.308,60.668,33350,51016450.00
2013-12-18 00:00:00,60.868,60.108,61.268,60.508,22566,34146640.00
2013-12-19 00:00:00,61.388,60.868,63.148,60.908,50030,77507060.00
2013-12-20 00:00:00,60.468,58.868,61.348,59.108,44059,65929600.00
2013-12-23 00:00:00,58.868,56.588,59.828,57.388,35851,51834650.00
2013-12-24 00:00:00,57.628,57.628,59.468,58.428,34376,50180120.00
2013-12-25 00:00:00,58.548,58.188,60.868,60.708,47696,70989080.00
2013-12-26 00:00:00,60.708,58.468,61.468,58.628,46363,69232140.00
2013-12-27 00:00:00,58.508,58.388,59.828,59.828,29973,44436390.00
2013-12-30 00:00:00,60.828,60.028,61.268,60.308,31553,47730070.00
2013-12-31 00:00:00,59.428,59.108,60.428,60.028,23599,35290220.00
2014-01-02 00:00:00,60.068,59.708,61.228,60.828,30821,46697240.00
2014-01-03 00:00:00,60.748,60.428,61.748,61.468,49558,75842170.00
2014-01-06 00:00:00,61.588,60.108,62.548,60.148,53376,81840930.00
2014-01-07 00:00:00,59.668,58.068,60.108,59.668,37847,55884510.00
2014-01-08 00:00:00,63.268,61.708,64.388,62.388,103115,161910200.00
2014-01-09 00:00:00,61.908,61.508,64.268,62.788,95656,150396400.00
2014-01-10 00:00:00,62.268,60.348,62.868,60.388,53602,82336830.00
2014-01-13 00:00:00,60.548,58.068,60.788,59.068,41260,61333870.00
2014-01-14 00:00:00,58.988,58.988,60.588,60.588,28812,43206130.00
2014-01-15 00:00:00,60.508,59.628,61.308,60.628,32259,48719380.00
2014-01-16 00:00:00,61.028,60.668,61.828,60.668,34473,52633430.00
2014-01-17 00:00:00,60.188,58.988,60.428,59.308,29939,44505440.00
2014-01-20 00:00:00,59.308,59.268,61.628,60.148,40205,61036550.00
2014-01-21 00:00:00,60.148,60.068,60.788,60.668,38248,57703840.00
2014-01-22 00:00:00,60.508,60.468,62.268,61.908,58946,90660790.00
2014-01-23 00:00:00,62.108,61.628,63.628,63.188,74256,116787900.00
2014-01-24 00:00:00,63.428,62.948,64.388,63.668,75905,120976200.00
2014-01-27 00:00:00,62.868,61.668,63.588,61.988,55397,86794340.00
2014-01-28 00:00:00,62.268,61.268,64.108,64.108,63975,100565000.00
2014-01-29 00:00:00,63.668,63.668,65.148,64.508,67760,109283400.00
2014-01-30 00:00:00,64.068,63.108,64.788,63.588,35619,56680200.00
2014-02-07 00:00:00,62.788,62.468,65.908,65.668,68539,111250000.00
2014-02-10 00:00:00,66.108,65.308,67.268,66.988,94580,157385100.00
2014-02-11 00:00:00,66.828,66.508,72.028,68.748,164925,285831100.00
2014-02-12 00:00:00,70.468,69.468,73.148,69.548,161130,285051400.00
2014-02-13 00:00:00,69.548,66.268,70.308,66.468,111897,190302900.00
2014-02-14 00:00:00,66.668,65.828,67.828,67.668,71971,120551700.00
2014-02-17 00:00:00,67.988,67.988,70.468,69.828,82945,143891400.00
2014-02-18 00:00:00,69.828,68.068,70.028,68.388,71801,123388700.00
2014-02-19 00:00:00,69.268,68.948,71.508,69.468,118111,206920300.00
2014-02-20 00:00:00,69.468,66.428,70.268,66.628,81118,136485800.00
2014-02-21 00:00:00,66.828,66.108,68.188,68.188,57211,95899680.00
2014-02-24 00:00:00,68.028,67.268,69.668,69.028,65039,111242800.00
2014-02-25 00:00:00,68.868,63.748,69.228,64.148,91044,151328000.00
2014-02-26 00:00:00,63.068,60.468,64.028,63.628,50793,79203830.00
2014-02-27 00:00:00,63.948,60.788,64.748,60.988,52831,82885570.00
2014-02-28 00:00:00,61.108,59.868,62.268,62.148,36168,55139170.00
2014-03-03 00:00:00,62.068,61.868,68.348,67.428,106394,173917900.00
2014-03-04 00:00:00,66.868,64.868,67.868,67.508,71533,118979400.00
2014-03-05 00:00:00,67.668,66.468,69.068,66.668,59715,101051900.00
2014-03-06 00:00:00,66.108,64.548,67.068,65.668,36744,60178900.00
2014-03-07 00:00:00,66.068,64.988,66.628,65.748,32872,54106070.00
2014-03-10 00:00:00,66.308,65.188,67.868,65.468,71554,119390500.00
2014-03-11 00:00:00,65.388,61.708,65.388,62.708,50166,78875780.00
2014-03-12 00:00:00,62.468,60.988,63.668,62.588,27472,42820220.00
2014-03-13 00:00:00,62.588,62.468,63.668,63.588,25946,40879160.00
2014-03-14 00:00:00,62.868,61.668,63.508,62.628,21567,33732770.00
2014-03-17 00:00:00,63.148,62.508,64.148,64.148,29405,46642110.00
2014-03-18 00:00:00,64.868,63.388,65.628,64.948,47840,76983410.00
2014-03-19 00:00:00,64.148,62.588,64.508,63.548,32137,50976960.00
2014-03-20 00:00:00,63.548,61.268,63.788,61.268,36423,56881120.00
2014-03-21 00:00:00,60.468,60.268,62.788,62.468,32446,49846610.00
2014-03-24 00:00:00,62.468,61.268,62.668,61.348,28308,43653380.00
2014-03-25 00:00:00,61.268,60.548,61.948,60.908,22897,34997120.00
2014-03-26 00:00:00,60.708,60.708,61.788,61.348,18942,29042590.00
2014-03-27 00:00:00,61.348,59.748,61.828,59.868,25892,39227440.00
2014-03-28 00:00:00,59.468,56.948,60.428,56.988,40704,59121210.00
2014-03-31 00:00:00,57.068,56.388,58.388,57.868,24230,34913300.00
2014-04-01 00:00:00,57.908,57.908,59.188,58.948,20165,29635710.00
2014-04-02 00:00:00,59.188,57.668,59.388,58.148,17916,26085190.00
2014-04-03 00:00:00,58.428,57.668,58.788,57.828,16217,23563170.00
2014-04-04 00:00:00,58.028,57.308,58.628,58.588,17847,25922420.00
2014-04-08 00:00:00,58.188,57.868,59.308,59.108,17879,26212500.00
2014-04-09 00:00:00,59.108,59.108,60.428,59.948,26225,39230960.00
2014-04-10 00:00:00,59.588,59.188,60.308,59.468,26398,39428390.00
2014-04-11 00:00:00,58.908,57.988,59.108,58.668,21032,30718670.00
2014-04-14 00:00:00,59.908,59.668,62.828,59.948,57011,86753060.00
2014-04-15 00:00:00,59.868,58.988,60.508,59.748,24990,37324310.00
2014-04-16 00:00:00,59.668,58.868,59.908,59.268,22123,32752360.00
2014-04-17 00:00:00,59.308,58.348,59.548,58.508,23164,33980020.00
2014-04-18 00:00:00,58.268,58.108,58.908,58.868,14954,21909850.00
2014-04-21 00:00:00,58.388,57.348,58.428,57.508,19642,28380430.00
2014-04-22 00:00:00,57.548,56.068,58.028,56.948,25093,35526620.00
2014-04-23 00:00:00,57.028,55.388,57.028,56.348,24158,33845290.00
2014-04-24 00:00:00,56.508,55.468,57.588,57.268,24526,34653560.00
2014-04-25 00:00:00,57.348,54.668,57.468,54.668,29746,41472260.00
2014-04-28 00:00:00,53.988,50.588,53.988,50.828,28244,36347240.00
2014-04-29 00:00:00,50.788,50.788,51.908,51.548,18901,24262630.00
2014-04-30 00:00:00,51.628,51.588,52.668,51.828,15758,20483020.00
2014-05-05 00:00:00,51.788,51.308,52.588,52.548,15817,20575160.00
2014-05-06 00:00:00,52.988,52.388,53.228,52.588,14703,19400090.00
2014-05-07 00:00:00,52.308,50.988,52.628,51.068,14085,18149550.00
2014-05-08 00:00:00,50.708,50.708,52.028,51.268,12354,15880990.00
2014-05-09 00:00:00,51.268,50.348,55.588,52.868,37137,48933610.00
2014-05-12 00:00:00,52.268,52.108,54.188,53.708,30401,40372330.00
2014-05-13 00:00:00,53.468,52.588,54.148,52.908,21188,28218940.00
2014-05-14 00:00:00,52.948,52.668,53.668,52.828,13363,17708370.00
2014-05-15 00:00:00,52.828,51.468,53.188,52.188,16621,21680910.00
2014-05-16 00:00:00,52.188,51.068,52.828,51.708,13727,17648470.00
2014-05-19 00:00:00,51.468,51.468,52.068,51.828,12286,15869900.00
2014-05-20 00:00:00,52.068,51.748,53.028,51.868,15126,19771440.00
2014-05-21 00:00:00,51.808,51.168,52.528,52.408,12654,16417930.00
2014-05-22 00:00:00,53.048,53.048,54.768,53.288,41777,56032960.00
2014-05-23 00:00:00,52.808,52.448,53.968,53.408,30507,40467360.00
2014-05-26 00:00:00,53.408,53.048,54.488,54.288,37306,50021450.00
2014-05-27 00:00:00,54.048,53.368,54.368,53.608,21344,28553850.00
2014-05-28 00:00:00,53.688,53.128,54.208,54.128,27161,36423380.00
2014-05-29 00:00:00,54.368,53.368,54.768,53.368,28024,37753140.00
2014-05-30 00:00:00,53.368,52.368,53.608,52.608,22928,30247700.00
2014-06-03 00:00:00,53.168,52.528,53.168,52.888,16259,21396070.00
2014-06-04 00:00:00,52.648,52.608,54.088,53.848,38115,50838530.00
2014-06-05 00:00:00,53.768,53.528,56.528,56.288,85662,117909100.00
2014-06-06 00:00:00,56.168,55.648,57.448,55.928,90716,127915100.00
2014-06-09 00:00:00,55.408,53.448,55.408,53.448,53471,72343390.00
2014-06-10 00:00:00,53.648,52.768,54.408,54.168,31212,41864530.00
2014-06-11 00:00:00,56.848,56.608,59.568,59.568,62711,92628800.00
2014-06-12 00:00:00,60.688,60.168,63.368,61.088,232965,357869100.00
2014-06-13 00:00:00,60.848,59.168,62.368,61.048,137971,208042300.00
2014-06-16 00:00:00,60.368,59.888,61.168,60.248,79516,120066200.00
2014-06-17 00:00:00,60.248,59.528,62.328,61.168,117070,178304600.00
2014-06-18 00:00:00,61.008,58.448,61.328,58.448,78076,115507000.00
2014-06-19 00:00:00,58.208,56.968,59.888,58.808,75529,110303300.00
2014-06-20 00:00:00,58.888,58.208,61.368,60.888,103393,155453600.00
2014-06-23 00:00:00,60.568,59.888,61.288,61.168,79975,120871400.00
2014-06-24 00:00:00,60.848,59.648,61.168,59.928,54771,82192740.00
2014-06-25 00:00:00,60.168,59.968,61.408,61.408,80630,122235500.00
2014-06-26 00:00:00,61.888,60.928,64.488,61.968,145625,227520500.00
2014-06-27 00:00:00,61.368,60.808,62.408,61.768,81901,125860500.00
2014-06-30 00:00:00,61.448,60.088,63.208,63.208,97252,150119000.00
2014-07-01 00:00:00,63.408,62.568,66.088,65.768,163692,265095300.00
2014-07-02 00:00:00,65.008,63.608,65.608,64.888,87310,140866000.00
2014-07-03 00:00:00,65.768,62.968,65.888,63.888,139669,224060000.00
2014-07-04 00:00:00,63.448,62.008,63.768,62.968,61147,95724940.00
2014-07-07 00:00:00,63.128,61.448,63.648,61.968,59319,91949440.00
2014-07-08 00:00:00,62.168,61.368,62.768,62.688,41079,63698470.00
2014-07-09 00:00:00,62.688,61.568,64.168,61.568,76747,120966900.00
2014-07-10 00:00:00,61.488,60.168,61.968,60.368,49000,74297560.00
2014-07-11 00:00:00,60.368,59.768,61.048,60.288,46479,69880050.00
2014-07-14 00:00:00,60.568,60.288,62.488,62.168,55682,85199530.00
2014-07-15 00:00:00,62.048,60.368,62.528,61.008,39223,59843590.00
2014-07-16 00:00:00,60.648,59.968,61.408,60.488,28650,43303640.00
2014-07-17 00:00:00,60.168,59.288,61.048,59.448,24260,36379280.00
2014-07-18 00:00:00,59.168,57.408,59.888,57.728,44971,65633800.00
2014-07-21 00:00:00,57.728,57.368,58.728,58.328,23814,34454710.00
2014-07-22 00:00:00,58.328,57.808,59.168,58.688,37521,54703980.00
2014-07-23 00:00:00,58.728,57.208,58.728,57.808,44151,63710420.00
2014-07-24 00:00:00,57.688,55.728,58.128,56.008,43531,61289830.00
2014-07-25 00:00:00,56.088,56.088,57.248,56.528,32184,45343580.00
2014-07-28 00:00:00,56.368,56.288,58.208,57.968,48148,68871890.00
2014-07-29 00:00:00,57.968,57.648,59.528,58.768,48895,71533140.00
2014-07-30 00:00:00,58.368,58.248,58.968,58.488,40991,59805290.00
2014-07-31 00:00:00,58.568,58.568,59.608,59.008,37124,54618520.00
2014-08-01 00:00:00,58.648,58.328,60.048,58.568,49839,73682240.00
2014-08-04 00:00:00,58.968,58.168,59.448,58.768,38893,56861140.00
2014-08-05 00:00:00,58.968,58.248,61.368,60.728,81492,121905800.00
2014-08-06 00:00:00,60.488,59.768,64.168,62.568,113931,176947400.00
2014-08-07 00:00:00,62.608,61.488,63.768,61.528,68123,106031200.00
2014-08-08 00:00:00,61.568,61.128,62.368,61.208,30379,46694290.00
2014-08-11 00:00:00,61.248,61.248,62.008,61.968,32287,49690460.00
2014-08-12 00:00:00,62.568,61.288,62.848,61.328,46092,71185220.00
2014-08-13 00:00:00,61.288,60.768,62.088,62.048,42438,65027320.00
2014-08-14 00:00:00,62.168,61.968,64.008,62.568,87544,138062000.00
2014-08-15 00:00:00,62.408,61.368,62.528,62.448,34442,53178800.00
2014-08-18 00:00:00,62.448,61.728,63.328,62.968,59546,92824580.00
2014-08-19 00:00:00,62.968,62.168,64.168,63.968,85765,135986600.00
2014-08-20 00:00:00,63.728,62.448,64.168,62.768,44270,69873120.00
2014-08-21 00:00:00,62.728,62.288,63.728,63.368,46389,72898500.00
2014-08-22 00:00:00,63.768,63.768,65.368,64.048,69592,111988500.00
2014-08-25 00:00:00,64.088,62.688,64.168,62.968,42507,67116130.00
2014-08-26 00:00:00,62.568,60.448,62.808,60.928,43828,67179020.00
2014-08-27 00:00:00,61.168,60.568,61.728,61.368,33083,50407760.00
2014-08-28 00:00:00,61.768,59.448,61.968,59.888,33004,49774990.00
2014-08-29 00:00:00,59.928,59.648,61.008,60.848,21494,32403070.00
2014-09-01 00:00:00,60.888,60.768,63.368,62.848,49179,76582560.00
2014-09-02 00:00:00,62.888,62.568,63.928,63.368,51492,81546630.00
2014-09-03 00:00:00,63.968,63.288,65.248,63.368,66274,106036800.00
2014-09-04 00:00:00,63.128,62.768,66.368,65.768,122533,199806000.00
2014-09-05 00:00:00,65.768,64.608,66.008,65.648,79437,129604200.00
2014-09-09 00:00:00,65.848,65.848,68.168,67.088,102712,172161800.00
2014-09-10 00:00:00,66.768,66.248,69.208,67.808,82116,139623600.00
2014-09-11 00:00:00,67.568,65.208,68.728,66.728,95347,158223100.00
2014-09-12 00:00:00,66.608,65.888,69.008,69.008,99012,167462300.00
2014-09-15 00:00:00,68.288,67.688,69.048,68.968,81881,139200000.00
2014-09-16 00:00:00,68.568,65.688,68.688,65.768,74462,124988000.00
2014-09-17 00:00:00,65.968,65.208,67.448,67.288,50127,83224600.00
2014-09-18 00:00:00,67.008,66.248,68.008,66.568,42526,71371360.00
2014-09-19 00:00:00,66.568,65.368,67.128,66.408,45591,75347820.00
2014-09-22 00:00:00,66.368,65.568,67.448,65.888,41709,69010380.00
2014-09-23 00:00:00,66.128,66.128,67.688,67.288,55276,92356240.00
2014-09-24 00:00:00,67.128,66.528,67.648,67.288,50439,84448500.00
2014-09-25 00:00:00,67.488,65.488,67.488,66.128,78486,129817500.00
2014-09-26 00:00:00,65.608,65.408,66.488,66.128,30087,49411330.00
2014-09-29 00:00:00,66.168,65.368,66.608,66.528,49738,81866300.00
2014-09-30 00:00:00,66.408,65.848,67.048,67.048,43909,72971580.00
2014-10-08 00:00:00,67.248,66.008,68.888,68.288,74784,126094900.00
2014-10-09 00:00:00,70.288,68.888,72.008,69.168,151287,265229200.00
2014-10-10 00:00:00,68.888,68.288,70.568,69.728,77034,134024800.00
2014-10-13 00:00:00,69.688,67.328,69.728,68.168,63085,106871600.00
2014-10-14 00:00:00,67.728,67.008,68.768,68.248,41672,70605540.00
2014-10-15 00:00:00,68.328,66.768,68.488,67.528,43269,72605330.00
2014-10-16 00:00:00,66.968,66.168,68.048,66.328,46055,77129520.00
2014-10-17 00:00:00,66.048,63.088,66.568,64.168,47795,76912070.00
2014-10-20 00:00:00,64.728,64.248,65.488,65.208,26808,43485810.00
2014-10-21 00:00:00,65.248,64.688,66.368,64.968,27493,45019900.00
2014-10-22 00:00:00,64.568,64.008,65.488,64.328,21839,35277370.00
2014-10-23 00:00:00,64.168,62.488,64.568,64.488,37629,59349880.00
2014-10-24 00:00:00,63.888,63.648,66.128,65.368,45132,73353920.00
2014-10-27 00:00:00,65.368,65.008,67.528,67.128,53240,88725790.00
2014-10-28 00:00:00,67.648,66.728,68.288,67.768,51174,86222300.00
2014-10-29 00:00:00,67.888,67.088,68.808,68.368,56778,96459860.00
2014-10-30 00:00:00,68.328,67.408,68.808,67.608,44300,75089470.00
2014-10-31 00:00:00,68.248,66.488,68.608,67.048,41330,69302170.00
2014-11-03 00:00:00,67.048,66.768,68.648,68.528,55073,93539840.00
2014-11-04 00:00:00,68.408,67.168,68.408,67.168,42960,72393140.00
2014-11-05 00:00:00,67.368,65.968,67.848,67.568,31543,52825210.00
2014-11-06 00:00:00,67.448,67.368,70.768,69.448,82207,142073700.00
2014-11-07 00:00:00,69.208,68.288,70.968,68.688,71642,124822600.00
2014-11-10 00:00:00,69.208,67.048,69.248,67.848,43182,72900430.00
2014-11-11 00:00:00,67.928,63.848,68.088,64.288,65090,106192000.00
2014-11-12 00:00:00,64.328,63.848,65.528,65.368,33702,54579380.00
2014-11-13 00:00:00,65.528,63.208,65.568,63.648,29698,47330860.00
2014-11-14 00:00:00,63.688,63.168,64.128,63.448,20098,31917320.00
2014-11-17 00:00:00,63.448,63.008,65.208,64.568,20934,33569970.00
2014-11-18 00:00:00,65.648,64.968,67.368,66.168,45550,74997780.00
2014-11-19 00:00:00,66.128,65.968,69.208,68.168,86038,146517600.00
2014-11-20 00:00:00,67.368,66.888,69.088,67.608,54170,91811840.00
2014-11-21 00:00:00,67.848,66.888,69.768,68.968,64515,110175200.00
2014-11-24 00:00:00,69.368,68.208,70.088,69.608,79032,136310600.00
2014-11-25 00:00:00,69.368,68.968,75.768,73.608,139628,250964200.00
2014-11-26 00:00:00,73.688,72.168,76.768,74.448,112654,208932400.00
2014-11-27 00:00:00,75.728,73.848,77.768,74.888,137184,258768700.00
2014-11-28 00:00:00,75.608,74.568,76.968,76.408,125841,238713200.00
2014-12-01 00:00:00,75.728,72.968,76.088,73.888,77809,143530200.00
2014-12-02 00:00:00,74.488,74.488,80.568,78.768,149116,291230900.00
2014-12-03 00:00:00,78.168,76.128,82.048,80.648,140224,274610600.00
2014-12-04 00:00:00,82.968,79.408,83.728,80.768,99801,201001700.00
2014-12-05 00:00:00,80.328,73.368,80.328,77.768,105526,203386100.00
2014-12-08 00:00:00,76.168,73.848,78.368,77.048,86327,165621200.00
2014-12-09 00:00:00,75.368,69.368,75.368,69.368,159534,287479200.00
2014-12-10 00:00:00,68.808,67.528,76.288,76.288,142983,263534600.00
2014-12-11 00:00:00,78.968,76.848,82.128,78.808,170747,338824500.00
2014-12-12 00:00:00,77.008,74.968,80.968,78.208,138651,268639300.00
2014-12-15 00:00:00,77.728,76.168,78.048,76.968,89724,172385500.00
2014-12-16 00:00:00,77.168,74.408,77.568,75.448,88104,167041900.00
2014-12-17 00:00:00,74.688,72.288,74.968,72.968,89842,163709000.00
2014-12-18 00:00:00,73.048,72.888,76.568,73.688,81078,151677200.00
2014-12-19 00:00:00,72.968,70.408,78.728,78.088,112581,208657900.00
2014-12-22 00:00:00,76.968,75.368,80.568,79.168,176705,345989000.00
2014-12-23 00:00:00,79.248,74.168,79.248,74.888,103826,197089300.00
2014-12-24 00:00:00,76.088,74.568,82.168,81.368,209901,414036300.00
2014-12-25 00:00:00,80.208,78.888,83.248,81.728,169535,341329800.00
2014-12-26 00:00:00,82.368,79.568,82.488,80.048,100077,201165600.00
2014-12-29 00:00:00,80.848,79.368,87.968,86.168,206077,433892500.00
2014-12-30 00:00:00,83.768,82.768,85.968,83.488,141153,295782100.00
2014-12-31 00:00:00,84.368,82.168,86.128,83.448,80023,168271300.00
2015-01-05 00:00:00,83.088,77.368,83.088,79.808,94413,188103600.00
2015-01-06 00:00:00,79.648,77.768,87.608,86.208,116857,239439100.00
2015-01-07 00:00:00,83.808,82.488,85.168,82.888,77648,161861500.00
2015-01-08 00:00:00,81.088,80.208,83.328,80.488,88015,179269300.00
2015-01-09 00:00:00,79.088,78.208,80.808,78.408,71005,140502600.00
2015-01-12 00:00:00,76.888,75.848,78.368,76.728,38424,73868190.00
2015-01-13 00:00:00,76.208,75.768,77.888,77.208,45796,88117140.00
2015-01-14 00:00:00,77.008,74.848,77.648,75.408,43247,82043060.00
2015-01-15 00:00:00,75.328,75.328,79.128,77.208,49869,96769300.00
2015-01-16 00:00:00,76.248,76.248,78.968,78.328,42915,83185840.00
2015-01-19 00:00:00,75.488,74.208,80.048,76.488,74872,144765700.00
2015-01-20 00:00:00,76.208,76.208,80.488,79.728,70246,138278800.00
2015-01-21 00:00:00,82.808,80.368,83.568,81.248,85085,172951500.00
2015-01-22 00:00:00,80.208,79.848,84.128,83.808,97310,199187000.00
2015-01-23 00:00:00,84.968,81.368,84.968,81.848,78648,162733400.00
2015-01-26 00:00:00,81.208,81.208,82.848,82.728,46119,94504820.00
2015-01-27 00:00:00,82.888,80.088,83.688,81.408,54850,111920000.00
2015-01-28 00:00:00,80.888,80.248,82.928,81.008,35839,72961130.00
2015-01-29 00:00:00,80.088,79.048,83.648,82.568,74947,153514300.00
2015-01-30 00:00:00,82.448,82.448,90.808,87.968,291084,645710500.00
2015-02-02 00:00:00,86.168,83.848,86.168,85.168,132901,282075300.00
2015-02-03 00:00:00,85.168,84.608,90.128,87.888,122027,266475700.00
2015-02-04 00:00:00,87.768,86.568,90.048,86.768,73948,162489400.00
2015-02-05 00:00:00,86.328,84.688,87.208,85.808,67189,143773300.00
2015-02-06 00:00:00,86.168,82.568,87.808,85.688,64996,136819400.00
2015-02-09 00:00:00,84.848,82.688,85.968,84.168,42876,90104010.00
2015-02-10 00:00:00,83.728,83.368,86.488,86.168,31124,66165640.00
2015-02-11 00:00:00,86.488,85.848,87.968,87.248,36800,79735590.00
2015-02-12 00:00:00,87.688,85.288,89.728,85.608,49218,107645700.00
2015-02-13 00:00:00,85.608,85.608,90.168,88.768,67104,148097800.00
2015-02-16 00:00:00,89.048,89.048,95.648,93.448,91971,213274200.00
2015-02-17 00:00:00,93.368,90.928,93.448,92.968,43308,99820380.00
2015-02-25 00:00:00,96.168,94.968,102.248,102.248,79295,200213900.00
2015-02-26 00:00:00,105.928,102.608,111.768,107.328,257719,687381200.00
2015-02-27 00:00:00,106.168,103.008,110.168,108.528,143943,380548900.00
2015-03-02 00:00:00,112.608,112.608,119.368,112.768,194162,558788600.00
2015-03-03 00:00:00,112.808,110.208,117.888,110.728,139149,396424700.00
2015-03-04 00:00:00,108.608,106.568,110.728,110.528,89347,241917500.00
2015-03-05 00:00:00,111.888,110.448,117.328,111.128,112133,319825200.00
2015-03-06 00:00:00,109.088,106.968,109.608,108.128,63084,169907800.00
2015-03-09 00:00:00,106.368,105.448,109.568,107.968,47770,128700300.00
2015-03-10 00:00:00,108.968,108.168,112.968,111.368,78811,218098200.00
2015-03-11 00:00:00,110.568,104.168,112.448,109.608,53671,146459200.00
2015-03-12 00:00:00,109.608,105.368,109.608,106.248,48542,129981500.00
2015-03-13 00:00:00,107.488,105.168,107.728,107.688,36266,96320660.00
2015-03-16 00:00:00,108.888,107.368,111.368,109.688,50110,136962200.00
2015-03-17 00:00:00,111.248,108.288,112.168,109.488,64404,176750300.00
2015-03-18 00:00:00,110.208,109.328,113.208,112.968,97356,270868200.00
2015-03-19 00:00:00,113.048,110.008,113.048,111.168,67485,187161200.00
2015-03-20 00:00:00,111.568,111.568,116.568,113.248,84104,239657900.00
2015-03-23 00:00:00,115.288,112.288,117.208,114.968,80934,231160400.00
2015-03-24 00:00:00,116.968,111.368,126.168,125.168,136791,406370600.00
2015-03-25 00:00:00,124.168,120.608,130.728,124.168,125481,397227700.00
2015-03-26 00:00:00,120.888,113.968,121.728,115.568,104392,306018300.00
2015-03-27 00:00:00,115.768,115.768,118.448,117.768,52294,153106100.00
2015-03-30 00:00:00,118.728,114.968,119.968,117.168,59609,174002300.00
2015-03-31 00:00:00,117.168,115.088,118.888,117.088,54921,160818200.00
2015-04-01 00:00:00,116.168,116.088,121.488,120.728,75585,225623300.00
2015-04-02 00:00:00,122.168,119.248,130.888,129.368,128762,402945600.00
2015-04-03 00:00:00,126.568,125.448,142.288,139.928,185385,641705900.00
2015-04-07 00:00:00,138.368,138.208,147.288,140.488,117619,417948500.00
2015-04-08 00:00:00,139.088,133.368,140.128,135.568,96665,327728400.00
2015-04-09 00:00:00,136.888,122.568,136.888,132.968,75847,247001600.00
2015-04-10 00:00:00,130.568,129.568,136.088,134.488,44805,150400600.00
2015-04-13 00:00:00,134.768,134.768,144.408,139.568,71290,248088200.00
2015-04-14 00:00:00,139.368,135.968,142.168,139.608,55753,193048600.00
2015-04-15 00:00:00,142.568,137.688,144.968,142.928,103376,367086000.00
2015-04-16 00:00:00,140.088,128.648,156.968,150.368,132631,491221900.00
2015-04-17 00:00:00,158.168,141.408,158.568,142.408,169982,626560600.00
2015-04-20 00:00:00,140.408,130.968,140.408,131.408,132008,444261200.00
2015-04-21 00:00:00,131.408,131.048,138.528,136.768,69637,236924100.00
2015-04-22 00:00:00,140.488,135.768,141.928,137.968,69309,240209900.00
2015-04-23 00:00:00,138.168,132.168,138.488,135.168,105538,355287600.00
2015-04-24 00:00:00,132.768,131.408,136.128,134.248,80420,268053400.00
2015-04-27 00:00:00,134.488,131.288,135.568,131.768,90527,300620200.00
2015-04-28 00:00:00,131.448,127.168,134.968,128.128,91460,300395200.00
2015-04-29 00:00:00,127.168,125.608,129.768,128.168,81404,259950900.00
2015-04-30 00:00:00,128.968,127.368,130.488,127.608,72493,232499600.00
2015-05-04 00:00:00,127.568,125.568,128.568,126.048,52481,165449700.00
2015-05-05 00:00:00,126.528,117.768,126.888,119.928,96836,293431800.00
2015-05-06 00:00:00,122.928,120.248,126.368,120.968,90100,279517500.00
2015-05-07 00:00:00,121.368,120.168,123.648,121.808,43926,133739900.00
2015-05-08 00:00:00,124.248,123.408,130.088,129.008,82894,260890400.00
2015-05-11 00:00:00,129.568,126.128,132.408,131.848,149046,480095300.00
2015-05-12 00:00:00,131.128,127.608,132.848,130.088,118175,382881300.00
2015-05-13 00:00:00,127.648,123.688,128.168,126.168,96333,303507100.00
2015-05-14 00:00:00,128.168,126.168,129.808,127.128,72544,231284700.00
2015-05-15 00:00:00,126.368,122.808,126.368,124.088,55764,172532100.00
2015-05-18 00:00:00,124.088,124.008,133.728,132.848,155462,506115200.00
2015-05-19 00:00:00,132.768,130.128,135.368,134.648,119149,396895000.00
2015-05-20 00:00:00,135.928,132.208,139.968,133.968,128302,440181100.00
2015-05-21 00:00:00,133.928,133.928,139.768,139.648,127127,435860100.00
2015-05-22 00:00:00,142.568,136.968,145.568,144.048,158977,564479600.00
2015-05-25 00:00:00,142.208,138.688,146.968,146.768,129284,464210300.00
2015-05-26 00:00:00,147.408,147.408,155.808,149.208,125038,471277000.00
2015-05-27 00:00:00,148.928,143.008,155.448,154.488,166356,623477100.00
2015-05-28 00:00:00,154.768,139.048,155.168,139.048,119115,443016000.00
2015-05-29 00:00:00,138.488,128.488,140.968,134.168,114692,386917600.00
2015-06-01 00:00:00,134.488,134.408,141.168,141.048,79103,274198400.00
2015-06-02 00:00:00,143.248,143.048,152.728,149.968,109967,406394700.00
2015-06-03 00:00:00,151.608,140.168,153.648,146.248,107970,395773000.00
2015-06-04 00:00:00,150.088,133.848,151.488,144.208,125202,321119100.00
2015-06-05 00:00:00,150.368,143.088,151.432,147.176,154003,406091600.00
2015-06-08 00:00:00,147.344,136.144,147.568,139.000,165985,415380800.00
2015-06-09 00:00:00,138.048,136.088,143.312,140.288,115102,286606600.00
2015-06-10 00:00:00,140.288,137.600,144.096,142.472,131387,332018000.00
2015-06-11 00:00:00,142.472,141.128,148.632,147.512,174653,452384800.00
2015-06-12 00:00:00,150.536,141.744,158.936,153.000,322039,867330000.00
2015-06-15 00:00:00,150.984,150.984,163.080,156.752,323410,914880300.00
2015-06-16 00:00:00,151.544,150.424,164.816,160.896,279643,790902400.00
2015-06-17 00:00:00,160.728,147.512,160.728,156.696,210236,579809900.00
2015-06-18 00:00:00,156.024,145.720,159.832,145.720,154530,424929400.00
2015-06-19 00:00:00,144.208,131.160,144.208,131.160,140378,340462500.00
2015-06-23 00:00:00,129.648,118.112,132.168,129.256,124435,279286300.00
2015-06-24 00:00:00,132.168,126.568,134.128,131.384,130995,305284700.00
2015-06-25 00:00:00,131.496,118.280,132.224,121.416,130090,292297100.00
2015-06-26 00:00:00,115.648,109.320,117.888,109.320,104665,208124800.00
2015-06-29 00:00:00,112.288,98.400,113.128,98.400,114409,206307300.00
2015-06-30 00:00:00,95.376,88.600,106.688,103.888,167841,285786700.00
2015-07-01 00:00:00,101.088,94.704,113.688,99.632,219139,413677200.00
2015-07-02 00:00:00,100.528,89.720,102.152,90.448,139537,236796600.00
2015-07-03 00:00:00,87.648,81.432,94.984,84.960,153064,234988400.00
2015-07-06 00:00:00,93.248,76.504,93.248,78.128,181684,269206000.00
2015-07-07 00:00:00,76.112,70.344,77.008,70.344,118343,151129100.00
2015-07-15 00:00:00,77.344,77.344,77.344,77.344,6978,9601672.00
2015-07-16 00:00:00,83.728,73.200,85.072,85.072,277075,410389300.00
2015-07-17 00:00:00,88.992,88.992,93.528,93.528,166688,274508700.00
2015-07-20 00:00:00,101.088,95.040,102.880,102.880,278027,502575400.00
