Date,Open,Low,High,Close,Volume,Amount
1997-06-06 00:00:00,14.000,13.500,14.480,13.850,466570,649583000.00
1997-06-09 00:00:00,14.200,12.470,14.500,12.470,52454,68827000.00
1997-06-10 00:00:00,11.880,11.240,12.070,11.280,86153,99646000.00
1997-06-11 00:00:00,11.180,10.400,11.480,11.290,45597,49700000.00
1997-06-12 00:00:00,11.200,10.750,11.230,10.850,24799,27072000.00
1997-06-13 00:00:00,10.000,10.000,11.200,11.070,39248,42043000.00
1997-06-16 00:00:00,11.180,10.600,11.210,10.830,37265,40752000.00
1997-06-17 00:00:00,10.740,10.650,11.200,10.960,32644,35940000.00
1997-06-18 00:00:00,11.000,10.460,11.000,10.530,25552,27186000.00
1997-06-19 00:00:00,10.500,10.010,10.600,10.020,24620,25249000.00
1997-06-20 00:00:00,10.120,10.120,10.600,10.460,26441,27457000.00
1997-06-23 00:00:00,10.550,9.830,10.670,9.900,37829,38316000.00
1997-06-24 00:00:00,9.920,9.880,10.300,9.980,27102,27182000.00
1997-06-25 00:00:00,10.020,9.800,10.130,9.900,22647,22510000.00
1997-06-26 00:00:00,9.930,9.450,9.950,9.500,28246,27061000.00
1997-06-27 00:00:00,9.520,8.900,9.700,8.940,31309,28667000.00
1997-07-02 00:00:00,8.900,8.050,8.990,8.050,22977,19257000.00
1997-07-03 00:00:00,8.860,8.800,8.860,8.860,21774,19286000.00
1997-07-04 00:00:00,9.000,8.310,9.000,8.470,26965,23212000.00
1997-07-07 00:00:00,8.500,8.100,8.940,8.300,19170,16372000.00
1997-07-08 00:00:00,8.300,8.190,8.650,8.580,15378,12970000.00
1997-07-09 00:00:00,8.600,8.310,8.650,8.450,9494,8015000.00
1997-07-10 00:00:00,8.590,8.260,8.590,8.390,10350,8675000.00
1997-07-11 00:00:00,8.300,8.230,8.900,8.790,24093,20965000.00
1997-07-14 00:00:00,8.860,8.710,9.390,8.990,30286,27333000.00
1997-07-15 00:00:00,8.990,8.630,8.990,8.710,15489,13522000.00
1997-07-16 00:00:00,8.680,8.380,8.680,8.530,14844,12646000.00
1997-07-17 00:00:00,8.530,8.510,8.950,8.940,16300,14288000.00
1997-07-18 00:00:00,8.900,8.700,9.040,9.000,20895,18694000.00
1997-07-21 00:00:00,9.050,8.650,9.100,8.660,11959,10594000.00
1997-07-22 00:00:00,8.660,8.580,8.940,8.880,10998,9634000.00
1997-07-23 00:00:00,8.960,8.820,9.190,8.940,24030,21721000.00
1997-07-24 00:00:00,8.900,8.500,8.940,8.600,11854,10296000.00
1997-07-25 00:00:00,8.580,8.500,8.720,8.550,8475,7272000.00
1997-07-28 00:00:00,8.600,8.250,8.650,8.300,8200,6884000.00
1997-07-29 00:00:00,8.300,8.200,8.400,8.350,6967,5788000.00
1997-07-30 00:00:00,8.360,8.360,8.630,8.590,5534,4720000.00
1997-07-31 00:00:00,8.650,8.550,8.950,8.810,14330,12580000.00
1997-08-01 00:00:00,8.800,8.650,8.940,8.800,8484,7463000.00
1997-08-04 00:00:00,8.880,8.750,9.220,9.130,27640,25082000.00
1997-08-05 00:00:00,9.200,9.060,9.380,9.130,21890,20155000.00
1997-08-06 00:00:00,9.130,8.700,9.180,8.730,12608,11215000.00
1997-08-07 00:00:00,8.650,8.580,8.980,8.920,10086,8803000.00
1997-08-08 00:00:00,9.000,8.820,9.050,8.850,11464,10238000.00
1997-08-11 00:00:00,8.800,8.500,8.800,8.550,12103,10394000.00
1997-08-12 00:00:00,8.550,8.300,8.750,8.360,6284,5351000.00
1997-08-13 00:00:00,8.350,8.200,8.490,8.220,8896,7435000.00
1997-08-14 00:00:00,8.260,8.240,8.500,8.500,7179,5989000.00
1997-08-15 00:00:00,8.550,8.130,8.570,8.190,7416,6117000.00
1997-08-18 00:00:00,8.200,7.880,8.200,8.000,11325,9048000.00
1997-08-19 00:00:00,8.000,7.930,8.100,7.930,4238,3389000.00
1997-08-20 00:00:00,7.200,7.140,7.200,7.140,11168,7974000.00
1997-08-21 00:00:00,7.100,7.100,7.500,7.400,25788,18951000.00
1997-08-22 00:00:00,7.400,7.220,7.400,7.270,13042,9497000.00
1997-08-25 00:00:00,7.310,7.110,7.360,7.200,15885,11436000.00
1997-08-26 00:00:00,7.200,7.200,7.380,7.310,11815,8589000.00
1997-08-27 00:00:00,7.310,7.230,7.650,7.580,17501,12959000.00
1997-08-28 00:00:00,7.590,7.420,7.600,7.500,10241,7692000.00
1997-08-29 00:00:00,7.500,7.420,7.720,7.700,18945,14350000.00
1997-09-01 00:00:00,7.800,7.700,7.850,7.790,14492,11266000.00
1997-09-02 00:00:00,7.800,7.510,7.800,7.660,9644,7357000.00
1997-09-03 00:00:00,7.680,7.610,7.900,7.780,12189,9449000.00
1997-09-04 00:00:00,7.760,7.730,7.890,7.840,12748,9979000.00
1997-09-05 00:00:00,7.810,7.700,7.830,7.800,11022,8569000.00
1997-09-08 00:00:00,7.800,7.780,8.250,8.180,23988,19184000.00
1997-09-09 00:00:00,8.180,7.800,8.240,7.830,14207,11428000.00
1997-09-10 00:00:00,7.800,7.800,8.150,8.120,9979,7964000.00
1997-09-11 00:00:00,8.170,7.770,8.180,7.850,10902,8671000.00
1997-09-12 00:00:00,7.800,7.550,7.940,7.570,7456,5766000.00
1997-09-15 00:00:00,7.580,7.510,7.750,7.520,8240,6278000.00
1997-09-16 00:00:00,7.600,7.530,7.700,7.590,3318,2526000.00
1997-09-17 00:00:00,7.600,7.450,7.650,7.490,2954,2223000.00
1997-09-18 00:00:00,7.500,7.480,7.610,7.500,2706,2035000.00
1997-09-19 00:00:00,7.550,7.520,7.670,7.650,4098,3119000.00
1997-09-22 00:00:00,7.680,7.130,7.680,7.160,5198,3813000.00
1997-09-23 00:00:00,7.170,6.660,7.250,6.780,7487,5262000.00
1997-09-24 00:00:00,6.900,6.900,7.210,7.140,6839,4798000.00
1997-09-25 00:00:00,7.260,7.060,7.290,7.150,5483,3925000.00
1997-09-26 00:00:00,7.180,6.950,7.200,7.080,3322,2345000.00
1997-09-29 00:00:00,7.000,6.880,7.030,6.930,3180,2215000.00
1997-09-30 00:00:00,6.940,6.900,7.020,6.980,2778,1940000.00
1997-10-06 00:00:00,7.000,6.950,7.070,7.010,1789,1254000.00
1997-10-07 00:00:00,6.950,6.950,7.050,7.040,1729,1208000.00
1997-10-08 00:00:00,7.250,7.120,7.350,7.250,3913,2840000.00
1997-10-09 00:00:00,7.250,7.110,7.300,7.110,2270,1630000.00
1997-10-10 00:00:00,7.170,7.100,7.450,7.430,8855,6497000.00
1997-10-13 00:00:00,7.410,7.260,7.500,7.290,3850,2838000.00
1997-10-14 00:00:00,7.250,7.100,7.250,7.250,2802,2012000.00
1997-10-15 00:00:00,7.300,7.150,7.340,7.280,2415,1751000.00
1997-10-16 00:00:00,7.300,7.280,7.500,7.440,6117,4532000.00
1997-10-17 00:00:00,7.470,7.320,7.570,7.480,6431,4786000.00
1997-10-20 00:00:00,7.590,7.500,7.780,7.730,15736,12075000.00
1997-10-21 00:00:00,7.750,7.550,7.750,7.640,7384,5624000.00
1997-10-22 00:00:00,7.600,7.320,7.600,7.380,9505,7059000.00
1997-10-23 00:00:00,7.400,7.340,7.490,7.350,5309,3927000.00
1997-10-24 00:00:00,7.350,7.240,7.500,7.450,6363,4681000.00
1997-10-27 00:00:00,7.500,7.480,8.200,8.200,43535,34652000.00
1997-10-28 00:00:00,8.200,7.950,8.590,8.100,65033,53975000.00
1997-10-29 00:00:00,8.010,7.900,8.290,8.100,22117,17843000.00
1997-10-30 00:00:00,8.200,7.920,8.280,7.950,20682,16792000.00
1997-10-31 00:00:00,7.830,7.600,8.000,7.960,11341,8864000.00
1997-11-03 00:00:00,8.360,8.130,8.450,8.160,17298,14256000.00
1997-11-04 00:00:00,8.260,7.890,8.260,7.990,7497,5996000.00
1997-11-05 00:00:00,8.000,7.720,8.050,7.980,6807,5360000.00
1997-11-06 00:00:00,8.050,7.750,8.100,7.770,6548,5160000.00
1997-11-07 00:00:00,7.700,7.680,8.240,8.110,13460,10766000.00
1997-11-10 00:00:00,8.200,8.200,8.680,8.340,51037,43296000.00
1997-11-11 00:00:00,8.400,8.150,8.660,8.580,24008,20263000.00
1997-11-12 00:00:00,8.600,8.510,8.750,8.580,34101,29534000.00
1997-11-13 00:00:00,8.540,8.310,8.650,8.500,18208,15406000.00
1997-11-14 00:00:00,8.600,8.500,8.980,8.800,41151,36390000.00
1997-11-17 00:00:00,9.000,8.760,9.090,8.780,26240,23541000.00
1997-11-18 00:00:00,8.780,8.500,8.920,8.590,12997,11399000.00
1997-11-19 00:00:00,8.590,8.510,9.070,8.970,31281,27744000.00
1997-11-20 00:00:00,9.010,8.900,9.370,9.100,45956,42194000.00
1997-11-21 00:00:00,9.000,8.890,9.250,9.050,28832,26212000.00
1997-11-24 00:00:00,8.900,8.900,9.250,8.950,30271,27589000.00
1997-11-25 00:00:00,8.880,8.450,9.000,8.610,20417,17685000.00
1997-11-26 00:00:00,8.700,8.550,8.900,8.850,9623,8411000.00
1997-11-27 00:00:00,8.800,8.480,8.850,8.500,10430,8984000.00
1997-11-28 00:00:00,8.460,8.310,8.630,8.580,8201,6957000.00
1997-12-01 00:00:00,8.580,8.380,8.580,8.480,5774,4859000.00
1997-12-02 00:00:00,8.450,8.400,8.660,8.480,3585,3049000.00
1997-12-03 00:00:00,8.420,8.340,8.550,8.370,3533,2961000.00
1997-12-04 00:00:00,8.330,8.270,8.580,8.580,7634,6395000.00
1997-12-05 00:00:00,8.650,8.500,8.810,8.690,9463,8216000.00
1997-12-08 00:00:00,8.800,8.680,8.970,8.880,10805,9576000.00
1997-12-09 00:00:00,8.800,8.710,8.950,8.830,4356,3843000.00
1997-12-10 00:00:00,8.880,8.690,8.910,8.750,5601,4916001.00
1997-12-11 00:00:00,8.770,8.510,8.770,8.580,5516,4742000.00
1997-12-12 00:00:00,8.650,8.580,9.130,8.970,16547,14750000.00
1997-12-15 00:00:00,9.090,9.000,9.280,9.200,22940,21042000.00
1997-12-16 00:00:00,9.200,9.010,9.300,9.250,17662,16246000.00
1997-12-17 00:00:00,8.350,8.350,9.180,8.800,15795,13957000.00
1997-12-18 00:00:00,8.800,8.700,8.960,8.800,7382,6516000.00
1997-12-19 00:00:00,8.880,8.880,9.480,9.380,45086,42297000.00
1997-12-22 00:00:00,9.500,9.450,9.980,9.950,40629,39754000.00
1997-12-23 00:00:00,10.000,9.780,10.500,10.490,41400,41822000.00
1997-12-24 00:00:00,10.490,10.160,10.880,10.160,54710,58052000.00
1997-12-25 00:00:00,10.180,10.170,11.100,10.820,50986,54389000.00
1997-12-26 00:00:00,11.000,10.660,11.100,10.700,29624,32185000.00
1997-12-29 00:00:00,10.700,10.200,11.050,10.320,29649,31499000.00
1997-12-30 00:00:00,10.300,10.300,10.920,10.760,20459,21563000.00
1997-12-31 00:00:00,10.700,10.600,11.070,10.650,37156,40569000.00
1998-01-05 00:00:00,10.490,10.270,11.100,10.950,48437,52842000.00
1998-01-06 00:00:00,11.000,10.640,11.050,10.780,28665,31010000.00
1998-01-07 00:00:00,10.800,10.720,11.860,11.760,62535,71288000.00
1998-01-08 00:00:00,11.900,11.260,11.920,11.380,26059,30076000.00
1998-01-09 00:00:00,10.420,10.240,10.840,10.240,48046,50096000.00
1998-01-12 00:00:00,9.730,9.220,10.170,9.520,79438,76606000.00
1998-01-13 00:00:00,9.480,8.570,9.870,9.280,55324,50869000.00
1998-01-14 00:00:00,9.300,9.100,9.490,9.300,35238,32812000.00
1998-01-15 00:00:00,9.310,9.300,9.940,9.830,38510,37224000.00
1998-01-16 00:00:00,9.980,9.320,9.980,9.350,27224,25887000.00
1998-01-19 00:00:00,9.300,8.420,9.480,8.840,29976,26522000.00
1998-01-20 00:00:00,8.990,8.520,8.990,8.700,14201,12267000.00
1998-01-21 00:00:00,8.790,8.710,9.200,8.990,17427,15666000.00
1998-01-22 00:00:00,9.000,8.700,9.150,8.880,10532,9316000.00
1998-01-23 00:00:00,8.960,8.740,9.100,8.880,12840,11479000.00
1998-02-09 00:00:00,9.080,8.610,9.180,8.920,21889,19252000.00
1998-02-10 00:00:00,8.900,8.650,8.970,8.700,14587,12716000.00
1998-02-11 00:00:00,8.700,8.700,8.980,8.960,13353,11781000.00
1998-02-12 00:00:00,9.010,8.920,9.490,9.330,30847,28558000.00
1998-02-13 00:00:00,9.330,9.040,9.470,9.150,11979,11082000.00
1998-02-16 00:00:00,9.160,8.810,9.300,8.910,11598,10484000.00
1998-02-17 00:00:00,8.910,8.780,9.050,8.850,8835,7810000.00
1998-02-18 00:00:00,8.810,8.580,8.850,8.690,19227,16649000.00
1998-02-19 00:00:00,8.700,8.560,8.830,8.630,9395,8097000.00
1998-02-20 00:00:00,8.700,8.600,8.850,8.650,7674,6672000.00
1998-02-23 00:00:00,8.600,8.280,8.600,8.320,14261,11990000.00
1998-02-24 00:00:00,8.320,8.160,8.450,8.270,12754,10547000.00
1998-02-25 00:00:00,8.270,8.180,8.540,8.310,8223,6853000.00
1998-02-26 00:00:00,8.320,8.150,8.350,8.240,9150,7503000.00
1998-02-27 00:00:00,8.250,8.080,8.380,8.120,7473,6136000.00
1998-03-02 00:00:00,8.120,7.900,8.200,7.920,11527,9184000.00
1998-03-03 00:00:00,7.920,7.800,8.000,7.900,6497,5116000.00
1998-03-04 00:00:00,7.900,7.900,8.120,8.100,6503,5189000.00
1998-03-05 00:00:00,8.100,7.980,8.150,8.000,4207,3382000.00
1998-03-06 00:00:00,8.050,7.910,8.070,8.040,4720,3770000.00
1998-03-09 00:00:00,8.080,8.080,8.270,8.190,6155,5050000.00
1998-03-10 00:00:00,8.190,7.990,8.240,8.000,6463,5204000.00
1998-03-11 00:00:00,8.020,7.890,8.190,7.930,6164,4929000.00
1998-03-12 00:00:00,8.010,7.780,8.010,7.800,5243,4122000.00
1998-03-13 00:00:00,7.800,7.710,7.880,7.770,4259,3310000.00
1998-03-16 00:00:00,7.770,7.550,7.820,7.820,7496,5719000.00
1998-03-17 00:00:00,7.820,7.820,7.980,7.880,5331,4201000.00
1998-03-18 00:00:00,7.980,7.980,8.670,8.670,19392,16646000.00
1998-03-19 00:00:00,8.880,8.400,9.080,8.480,40720,35639000.00
1998-03-20 00:00:00,8.480,8.120,8.580,8.160,10599,8785000.00
1998-03-23 00:00:00,8.100,7.980,8.330,8.110,7685,6264000.00
1998-03-24 00:00:00,8.290,8.120,8.320,8.180,5381,4416000.00
1998-03-25 00:00:00,8.360,8.070,8.400,8.190,8794,7189000.00
1998-03-26 00:00:00,8.170,8.000,8.200,8.010,7305,5898000.00
1998-03-27 00:00:00,7.980,7.950,8.400,8.200,7479,6117000.00
1998-03-30 00:00:00,8.210,8.200,8.750,8.600,18553,15707000.00
1998-03-31 00:00:00,8.600,8.300,8.600,8.370,6112,5129000.00
1998-04-01 00:00:00,8.380,8.320,8.570,8.410,6113,5138000.00
1998-04-02 00:00:00,8.420,8.420,8.800,8.540,15752,13566000.00
1998-04-03 00:00:00,8.550,8.550,9.200,9.040,51648,46307000.00
1998-04-06 00:00:00,9.200,9.200,9.680,9.400,59311,55995000.00
1998-04-07 00:00:00,9.400,9.150,9.480,9.210,19372,17868000.00
1998-04-08 00:00:00,9.220,9.200,9.620,9.490,33191,31234000.00
1998-04-09 00:00:00,9.610,8.700,9.650,8.850,28956,26394000.00
1998-04-10 00:00:00,8.700,8.500,8.850,8.850,17415,15114000.00
1998-04-13 00:00:00,8.950,8.640,8.980,8.700,14638,12833000.00
1998-04-14 00:00:00,8.760,8.490,8.780,8.580,11158,9555000.00
1998-04-15 00:00:00,8.600,8.600,8.920,8.750,8416,7365000.00
1998-04-16 00:00:00,8.720,8.560,8.860,8.780,10311,8925000.00
1998-04-17 00:00:00,8.830,8.530,8.880,8.590,7742,6680000.00
1998-04-20 00:00:00,8.500,8.200,8.550,8.280,10816,8968000.00
1998-04-21 00:00:00,8.100,8.100,8.390,8.300,6777,5602000.00
1998-04-22 00:00:00,8.300,8.300,8.680,8.640,8229,7016000.00
1998-04-23 00:00:00,8.670,8.390,8.690,8.400,6529,5522999.00
1998-04-24 00:00:00,8.390,8.300,8.590,8.350,6052,5085000.00
1998-04-27 00:00:00,8.300,8.110,8.300,8.150,12092,9875000.00
1998-04-28 00:00:00,8.140,8.120,8.580,8.500,15469,12769000.00
1998-04-29 00:00:00,8.460,8.130,8.490,8.240,18528,15219000.00
1998-05-04 00:00:00,7.830,7.830,7.830,7.830,2874,2250000.00
1998-05-05 00:00:00,7.440,7.440,7.440,7.440,3557,2646000.00
1998-05-06 00:00:00,7.070,7.070,7.400,7.350,59553,42806000.00
1998-05-07 00:00:00,7.210,6.980,7.250,6.980,37733,26708000.00
1998-05-08 00:00:00,6.900,6.670,7.120,7.080,32799,22638000.00
1998-05-11 00:00:00,7.040,6.730,7.080,6.790,23928,16424000.00
1998-05-12 00:00:00,6.700,6.690,6.990,6.780,12965,8810000.00
1998-05-13 00:00:00,6.780,6.590,6.780,6.760,24582,16346000.00
1998-05-14 00:00:00,6.790,6.670,6.990,6.950,22693,15563000.00
1998-05-15 00:00:00,7.000,6.880,7.060,6.910,21353,14908000.00
1998-05-18 00:00:00,6.900,6.720,6.950,6.760,8899,6042000.00
1998-05-19 00:00:00,6.850,6.710,6.860,6.800,8239,5596000.00
1998-05-20 00:00:00,6.790,6.600,6.850,6.670,11475,7668000.00
1998-05-21 00:00:00,6.670,6.580,6.670,6.630,9953,6583000.00
1998-05-22 00:00:00,6.650,6.650,6.880,6.810,12256,8291000.00
1998-05-25 00:00:00,6.800,6.700,7.030,6.920,22513,15547000.00
1998-05-26 00:00:00,6.920,6.700,6.950,6.850,12145,8285000.00
1998-05-27 00:00:00,6.850,6.700,6.890,6.790,11970,8079000.00
1998-05-28 00:00:00,6.800,6.750,6.960,6.830,18542,12666000.00
1998-05-29 00:00:00,6.830,6.700,6.910,6.720,13219,8941000.00
1998-06-01 00:00:00,6.710,6.590,6.830,6.690,22850,15209000.00
1998-06-03 00:00:00,6.750,6.360,7.020,6.910,37570,25900000.00
1998-06-04 00:00:00,6.950,6.560,7.000,6.560,30578,20507000.00
1998-06-05 00:00:00,6.420,6.230,6.500,6.230,42015,26377000.00
1998-06-08 00:00:00,6.060,5.920,6.060,5.920,28299,16818000.00
1998-06-09 00:00:00,5.630,5.620,5.630,5.620,6327,3556000.00
1998-06-11 00:00:00,5.340,5.340,5.340,5.340,3643,1945000.00
1998-06-12 00:00:00,5.070,5.070,5.580,5.540,57225,30295000.00
1998-06-15 00:00:00,5.260,5.260,5.460,5.260,23159,12297000.00
1998-06-16 00:00:00,5.000,5.000,5.200,5.070,14858,7560000.00
1998-06-17 00:00:00,5.100,5.100,5.300,5.150,12012,6208000.00
1998-06-18 00:00:00,5.210,5.050,5.230,5.100,10981,5627000.00
1998-06-19 00:00:00,5.130,5.110,5.270,5.250,9694,5023000.00
1998-06-22 00:00:00,5.220,5.220,5.440,5.320,14131,7529000.00
1998-06-23 00:00:00,5.320,5.220,5.580,5.510,21354,11711000.00
1998-06-24 00:00:00,5.520,5.300,5.550,5.390,11550,6213000.00
1998-06-25 00:00:00,5.350,5.240,5.410,5.260,7845,4143000.00
1998-06-26 00:00:00,5.290,5.260,5.520,5.470,24189,13267000.00
1998-06-29 00:00:00,5.500,5.330,5.570,5.430,9720,5253000.00
1998-06-30 00:00:00,5.450,5.180,5.450,5.210,5831,3093000.00
1998-07-01 00:00:00,5.320,5.100,5.340,5.100,10282,5309000.00
1998-07-02 00:00:00,5.080,5.070,5.190,5.120,8107,4150000.00
1998-07-03 00:00:00,5.150,5.120,5.300,5.240,6625,3448000.00
1998-07-06 00:00:00,5.210,5.200,5.500,5.400,20253,10988000.00
1998-07-07 00:00:00,5.410,5.280,5.440,5.340,7071,3803000.00
1998-07-08 00:00:00,5.400,5.360,5.540,5.450,8227,4492000.00
1998-07-09 00:00:00,5.440,5.370,5.540,5.450,8568,4691000.00
1998-07-10 00:00:00,5.480,5.360,5.500,5.400,7705,4168000.00
1998-07-13 00:00:00,5.430,5.350,5.660,5.560,18834,10442000.00
1998-07-14 00:00:00,5.560,5.480,5.840,5.700,32768,18754000.00
1998-07-15 00:00:00,5.680,5.550,5.790,5.700,12170,6896000.00
1998-07-16 00:00:00,5.680,5.480,5.710,5.510,10399,5769000.00
1998-07-17 00:00:00,5.500,5.500,5.660,5.580,8910,4989000.00
1998-07-20 00:00:00,5.520,5.520,5.790,5.730,18081,10267000.00
1998-07-21 00:00:00,5.750,5.500,5.780,5.580,14133,8023000.00
1998-07-22 00:00:00,5.570,5.450,5.670,5.550,10676,5931000.00
1998-07-23 00:00:00,5.550,5.510,5.700,5.650,6513,3661000.00
1998-07-24 00:00:00,5.680,5.520,5.720,5.560,8115,4551000.00
1998-07-27 00:00:00,5.580,5.460,5.660,5.530,6907,3810000.00
1998-07-28 00:00:00,5.530,5.530,5.680,5.660,8569,4814000.00
1998-07-29 00:00:00,5.680,5.610,5.940,5.940,48852,28790000.00
1998-07-30 00:00:00,6.000,5.800,6.050,5.940,25467,15051000.00
1998-07-31 00:00:00,5.900,5.830,6.030,5.950,16167,9651000.00
1998-08-03 00:00:00,5.950,5.880,6.240,6.180,24867,15229000.00
1998-08-04 00:00:00,6.160,5.870,6.200,5.870,19568,11847000.00
1998-08-05 00:00:00,5.820,5.820,6.040,5.990,15159,9032000.00
1998-08-06 00:00:00,6.000,5.980,6.180,6.100,15453,9382000.00
1998-08-07 00:00:00,6.080,5.950,6.200,5.970,17091,10398000.00
1998-08-10 00:00:00,5.960,5.670,5.980,5.690,14975,8608000.00
1998-08-11 00:00:00,5.650,5.410,5.650,5.410,10840,5925000.00
1998-08-12 00:00:00,5.280,5.140,5.350,5.280,15551,8049000.00
1998-08-13 00:00:00,5.280,5.200,5.470,5.420,8252,4423000.00
1998-08-14 00:00:00,5.400,5.150,5.400,5.150,11349,5909000.00
1998-08-17 00:00:00,5.080,4.890,5.080,4.890,4476,2197000.00
1998-08-18 00:00:00,4.650,4.650,4.780,4.650,12786,5987000.00
1998-08-19 00:00:00,4.780,4.610,4.860,4.830,9636,4569000.00
1998-08-20 00:00:00,4.830,4.730,5.040,4.990,14105,6933000.00
1998-08-21 00:00:00,4.990,4.880,5.100,5.030,11690,5834000.00
1998-08-24 00:00:00,5.000,4.900,5.100,4.970,10519,5247000.00
1998-08-25 00:00:00,4.970,4.900,5.190,5.160,10504,5290000.00
1998-08-26 00:00:00,5.080,5.000,5.220,5.050,9177,4689000.00
1998-08-27 00:00:00,5.050,4.940,5.050,4.970,6597,3294000.00
1998-08-28 00:00:00,4.930,4.780,5.050,4.830,6891,3382000.00
1998-09-07 00:00:00,4.590,4.590,4.980,4.800,19156,9064000.00
1998-09-08 00:00:00,4.910,4.770,5.040,5.040,18008,8966000.00
1998-09-09 00:00:00,5.070,5.010,5.200,5.050,15148,7732000.00
1998-09-10 00:00:00,5.080,5.020,5.150,5.080,9949,5045000.00
1998-09-11 00:00:00,5.080,5.050,5.220,5.160,11467,5882000.00
1998-09-14 00:00:00,5.150,5.040,5.240,5.150,13747,7079000.00
1998-09-15 00:00:00,5.150,5.150,5.350,5.210,13028,6843000.00
1998-09-16 00:00:00,5.220,5.220,5.470,5.470,17378,9343000.00
1998-09-17 00:00:00,5.660,5.600,5.740,5.740,11893,6814000.00
1998-09-18 00:00:00,5.980,5.480,6.010,5.490,60369,34904000.00
1998-09-21 00:00:00,5.360,5.260,5.470,5.430,15774,8443000.00
1998-09-22 00:00:00,5.440,5.400,5.690,5.540,12296,6832000.00
1998-09-23 00:00:00,5.550,5.550,5.720,5.600,11907,6710000.00
1998-09-24 00:00:00,5.650,5.320,5.710,5.320,12908,6985000.00
1998-09-25 00:00:00,5.100,5.100,5.400,5.290,10992,5775000.00
1998-09-28 00:00:00,5.300,5.270,5.410,5.310,7951,4233000.00
1998-09-29 00:00:00,5.290,5.220,5.390,5.260,6618,3493000.00
1998-09-30 00:00:00,5.260,5.250,5.350,5.270,5082,2686000.00
1998-10-05 00:00:00,5.320,5.250,5.320,5.300,3976,2101000.00
1998-10-06 00:00:00,5.340,5.160,5.340,5.160,4245,2218000.00
1998-10-07 00:00:00,5.160,5.130,5.230,5.130,4492,2329000.00
1998-10-08 00:00:00,5.160,5.120,5.200,5.160,7505,3869000.00
1998-10-09 00:00:00,5.210,5.160,5.230,5.190,6737,3495000.00
1998-10-12 00:00:00,5.180,5.120,5.350,5.260,6499,3403000.00
1998-10-13 00:00:00,5.240,5.200,5.390,5.230,5996,3174000.00
1998-10-14 00:00:00,5.250,5.240,5.490,5.490,15384,8361000.00
1998-10-15 00:00:00,5.630,5.550,5.760,5.760,14209,8132000.00
1998-10-16 00:00:00,5.950,5.810,6.050,6.050,117227,70033000.00
1998-10-19 00:00:00,6.270,6.150,6.350,6.350,48855,30978000.00
1998-10-20 00:00:00,6.520,6.110,6.620,6.510,85658,54605000.00
1998-10-21 00:00:00,6.450,6.180,6.450,6.180,51613,32172000.00
1998-10-22 00:00:00,6.000,5.870,6.200,5.910,45386,26907000.00
1998-10-23 00:00:00,5.870,5.850,6.100,5.910,29102,17419000.00
1998-10-26 00:00:00,5.910,5.610,6.080,5.840,33872,19783000.00
1998-10-27 00:00:00,5.900,5.840,6.130,6.130,23271,13975000.00
1998-10-28 00:00:00,6.250,6.190,6.440,6.190,46533,29675000.00
1998-10-29 00:00:00,6.180,5.990,6.230,6.080,21126,12923000.00
1998-10-30 00:00:00,6.060,5.950,6.080,5.980,15499,9294000.00
1998-11-02 00:00:00,5.980,5.750,6.030,5.930,11539,6798000.00
1998-11-03 00:00:00,5.960,5.800,6.020,6.010,10411,6134000.00
1998-11-04 00:00:00,6.020,5.960,6.160,6.010,10548,6379000.00
1998-11-05 00:00:00,6.000,5.820,6.010,5.860,17077,10027000.00
1998-11-06 00:00:00,5.860,5.760,5.930,5.860,12120,7060000.00
1998-11-09 00:00:00,5.850,5.780,6.090,6.070,12490,7399000.00
1998-11-10 00:00:00,6.080,5.980,6.180,6.080,12889,7843000.00
1998-11-11 00:00:00,6.080,6.050,6.380,6.380,28411,17735000.00
1998-11-12 00:00:00,6.550,6.430,6.700,6.700,65905,43895000.00
1998-11-13 00:00:00,6.900,6.800,7.040,7.040,41520,29095000.00
1998-11-16 00:00:00,7.310,7.100,7.390,7.390,19878,14653000.00
1998-11-17 00:00:00,7.760,7.410,7.760,7.410,155751,118472000.00
1998-11-18 00:00:00,7.180,7.180,7.570,7.500,45083,33575000.00
1998-11-23 00:00:00,7.130,7.130,7.130,7.130,4894,3489000.00
1998-11-24 00:00:00,6.770,6.770,6.770,6.770,2963,2005000.00
1998-11-25 00:00:00,6.430,6.430,6.430,6.430,6137,3946000.00
1998-11-26 00:00:00,6.110,6.110,6.500,6.250,58635,36870000.00
1998-11-27 00:00:00,6.220,6.190,6.560,6.560,25586,16499000.00
1998-11-30 00:00:00,6.890,6.890,6.890,6.890,8847,6095000.00
1998-12-01 00:00:00,7.230,6.690,7.230,7.000,102582,72596000.00
1998-12-02 00:00:00,6.960,6.660,7.080,6.850,12014,8242000.00
1998-12-03 00:00:00,6.850,6.690,6.980,6.720,9908,6713000.00
1998-12-04 00:00:00,6.710,6.560,7.060,7.060,27600,19033000.00
1998-12-07 00:00:00,7.050,6.880,7.150,7.100,15959,11266000.00
1998-12-08 00:00:00,7.130,6.780,7.230,6.790,17993,12670000.00
1998-12-09 00:00:00,6.780,6.700,7.050,7.000,15678,10841000.00
1998-12-10 00:00:00,6.910,6.650,6.960,6.700,10995,7438000.00
1998-12-11 00:00:00,6.590,6.370,6.720,6.370,22617,14523000.00
1998-12-14 00:00:00,6.280,6.210,6.520,6.370,19851,12675000.00
1998-12-15 00:00:00,6.350,6.050,6.350,6.200,13711,8396000.00
1998-12-16 00:00:00,6.180,6.080,6.320,6.200,4544,2838000.00
1998-12-17 00:00:00,6.220,6.120,6.300,6.120,2569,1596000.00
1998-12-18 00:00:00,6.100,6.100,6.400,6.240,4017,2518000.00
1998-12-21 00:00:00,6.250,6.250,6.550,6.490,20550,13292000.00
1998-12-22 00:00:00,6.470,6.210,6.590,6.230,11472,7298000.00
1998-12-23 00:00:00,6.230,6.180,6.420,6.260,5907,3713000.00
1998-12-24 00:00:00,6.280,6.070,6.280,6.110,5424,3344000.00
1998-12-25 00:00:00,6.110,5.870,6.200,5.950,10241,6166000.00
1998-12-28 00:00:00,5.950,5.650,5.950,5.650,11862,6758000.00
1998-12-29 00:00:00,5.600,5.470,5.660,5.600,4997,2761000.00
1998-12-30 00:00:00,5.630,5.350,5.630,5.410,4581,2506000.00
1998-12-31 00:00:00,5.400,5.300,5.590,5.500,5613,3040000.00
1999-01-04 00:00:00,5.480,5.450,5.700,5.620,3102,1737000.00
1999-01-05 00:00:00,5.510,5.340,5.630,5.450,4988,2689000.00
1999-01-06 00:00:00,5.400,5.400,5.650,5.480,3290,1832000.00
1999-01-07 00:00:00,5.460,5.450,5.650,5.590,2073,1149000.00
1999-01-08 00:00:00,5.610,5.600,5.870,5.870,11153,6483000.00
1999-01-11 00:00:00,5.850,5.580,5.900,5.800,7786,4465000.00
1999-01-12 00:00:00,5.550,5.510,5.680,5.530,5156,2877000.00
1999-01-13 00:00:00,5.500,5.400,5.680,5.670,6118,3419000.00
1999-01-14 00:00:00,5.620,5.460,5.700,5.670,4580,2535000.00
1999-01-15 00:00:00,5.700,5.550,5.790,5.790,3002,1712000.00
1999-01-18 00:00:00,5.700,5.580,5.820,5.780,5124,2927000.00
1999-01-19 00:00:00,5.620,5.490,5.720,5.580,3600,2000000.00
1999-01-20 00:00:00,5.580,5.360,5.650,5.590,6022,3300000.00
1999-01-21 00:00:00,5.590,5.400,5.590,5.530,2777,1521000.00
1999-01-22 00:00:00,5.450,5.360,5.600,5.600,4553,2480000.00
1999-01-25 00:00:00,5.580,5.430,5.610,5.560,4091,2268000.00
1999-01-26 00:00:00,5.500,5.400,5.600,5.550,1952,1069000.00
1999-01-27 00:00:00,5.540,5.450,5.820,5.700,4966,2824000.00
1999-01-28 00:00:00,5.620,5.620,5.800,5.740,5406,3093000.00
1999-01-29 00:00:00,5.780,5.710,6.020,5.800,7951,4664000.00
1999-02-01 00:00:00,5.800,5.580,5.830,5.620,3961,2247000.00
1999-02-02 00:00:00,5.500,5.500,5.700,5.600,2404,1348000.00
1999-02-03 00:00:00,5.550,5.550,5.690,5.680,1405,786000.00
1999-02-04 00:00:00,5.600,5.500,5.730,5.670,2716,1521000.00
1999-02-05 00:00:00,5.510,5.390,5.660,5.540,5780,3140000.00
1999-02-08 00:00:00,5.410,5.370,5.520,5.370,2589,1405000.00
1999-02-09 00:00:00,5.360,5.330,5.590,5.550,2124,1155000.00
1999-03-01 00:00:00,5.800,5.800,5.830,5.830,1958,1141000.00
1999-03-02 00:00:00,6.120,6.120,6.120,6.120,1603,981000.00
1999-03-03 00:00:00,6.430,6.300,6.430,6.430,47984,30772000.00
1999-03-04 00:00:00,6.430,6.330,6.750,6.750,8537,5726000.00
1999-03-05 00:00:00,7.080,6.860,7.090,7.090,55366,39013000.00
1999-03-08 00:00:00,7.010,6.900,7.200,7.080,19412,13710000.00
1999-03-09 00:00:00,6.920,6.900,7.160,7.000,11076,7779000.00
1999-03-10 00:00:00,6.920,6.860,7.050,6.970,12489,8648000.00
1999-03-11 00:00:00,6.950,6.930,7.100,7.000,6786,4768000.00
1999-03-12 00:00:00,7.000,6.650,7.090,6.700,17685,11983000.00
1999-03-15 00:00:00,6.700,6.460,6.850,6.630,15418,10203000.00
1999-03-16 00:00:00,6.650,6.600,6.960,6.960,16125,11000000.00
1999-03-17 00:00:00,7.210,7.070,7.310,7.150,32736,23709000.00
1999-03-18 00:00:00,7.160,7.010,7.460,7.100,14382,10466000.00
1999-03-19 00:00:00,7.010,7.010,7.200,7.130,6942,4925000.00
1999-03-22 00:00:00,7.120,6.850,7.120,6.970,7859,5478000.00
1999-03-23 00:00:00,6.900,6.900,7.150,7.120,5296,3740000.00
1999-03-24 00:00:00,7.110,6.950,7.160,7.080,3846,2703000.00
1999-03-25 00:00:00,7.010,6.970,7.080,7.030,3885,2725000.00
1999-03-26 00:00:00,7.000,6.960,7.070,7.020,2600,1824000.00
1999-03-29 00:00:00,7.100,6.720,7.100,7.000,4870,3361000.00
1999-03-30 00:00:00,7.000,6.860,7.050,6.900,2897,2012000.00
1999-03-31 00:00:00,6.990,6.700,7.000,6.800,3906,2656000.00
1999-04-01 00:00:00,6.800,6.750,7.140,7.140,6993,4906000.00
1999-04-02 00:00:00,7.360,7.100,7.380,7.110,6988,5046000.00
1999-04-05 00:00:00,7.130,6.910,7.170,7.160,4565,3219000.00
1999-04-06 00:00:00,7.080,6.980,7.140,7.060,4704,3319000.00
1999-04-07 00:00:00,7.020,6.950,7.080,6.990,4114,2884000.00
1999-04-08 00:00:00,7.050,7.050,7.340,7.340,24356,17852000.00
1999-04-09 00:00:00,7.400,7.150,7.450,7.300,9424,6862000.00
1999-04-12 00:00:00,7.300,6.940,7.330,6.940,9313,6626000.00
1999-04-13 00:00:00,6.940,6.700,6.990,6.840,12034,8209000.00
1999-04-14 00:00:00,7.180,7.180,7.180,7.180,1408,1010000.00
1999-04-15 00:00:00,7.540,7.160,7.540,7.160,23946,17758000.00
1999-04-16 00:00:00,7.100,6.900,7.100,7.050,5587,3929000.00
1999-04-19 00:00:00,6.950,6.730,7.180,7.100,5866,4114000.00
1999-04-20 00:00:00,7.100,6.950,7.280,7.050,3519,2488000.00
1999-04-21 00:00:00,7.100,6.820,7.100,6.910,4806,3323000.00
1999-04-22 00:00:00,6.780,6.600,6.920,6.900,5962,4041000.00
1999-04-23 00:00:00,7.040,6.660,7.040,6.850,4350,2969000.00
1999-04-26 00:00:00,6.670,6.660,6.900,6.850,2778,1876000.00
1999-04-27 00:00:00,6.800,6.510,6.800,6.510,5831,3846000.00
1999-04-28 00:00:00,6.180,6.180,6.670,6.350,7296,4690000.00
1999-04-29 00:00:00,6.300,6.280,6.650,6.550,6920,4433000.00
1999-04-30 00:00:00,6.440,6.420,6.660,6.660,2414,1585000.00
1999-05-04 00:00:00,6.660,6.660,6.800,6.700,1590,1069000.00
1999-05-05 00:00:00,6.630,6.400,6.750,6.500,5035,3269000.00
1999-05-06 00:00:00,6.440,6.410,6.500,6.490,1731,1120000.00
1999-05-07 00:00:00,6.500,6.450,6.550,6.540,2679,1739000.00
1999-05-10 00:00:00,6.500,6.210,6.500,6.280,5129,3238000.00
1999-05-11 00:00:00,6.350,6.230,6.480,6.470,3780,2385000.00
1999-05-12 00:00:00,6.570,6.310,6.570,6.440,2076,1328000.00
1999-05-13 00:00:00,6.480,6.350,6.580,6.360,1813,1171000.00
1999-05-14 00:00:00,6.350,6.260,6.500,6.260,1875,1181000.00
1999-05-17 00:00:00,6.250,6.190,6.350,6.310,1516,951000.00
1999-05-18 00:00:00,6.340,6.230,6.470,6.350,1886,1190000.00
1999-05-19 00:00:00,6.350,6.280,6.480,6.380,3280,2093000.00
1999-05-20 00:00:00,6.400,6.320,6.440,6.400,10479,6683000.00
1999-05-21 00:00:00,6.440,6.250,6.500,6.440,5223,3319000.00
1999-05-24 00:00:00,6.440,6.180,6.550,6.500,11797,7404000.00
1999-05-25 00:00:00,6.450,6.340,6.600,6.550,15459,10029000.00
1999-05-26 00:00:00,6.520,6.510,6.810,6.640,9888,6618000.00
1999-05-27 00:00:00,6.580,6.380,6.640,6.520,9489,6180000.00
1999-05-28 00:00:00,6.450,6.190,6.480,6.190,21782,13542000.00
1999-05-31 00:00:00,5.880,5.880,6.180,5.880,15716,9276000.00
1999-06-01 00:00:00,5.660,5.660,6.080,5.980,12639,7423000.00
1999-06-02 00:00:00,5.980,5.800,6.030,5.950,9141,5353000.00
1999-06-03 00:00:00,5.930,5.700,6.180,5.720,14359,8509000.00
1999-06-04 00:00:00,5.750,5.500,5.750,5.710,9670,5430000.00
1999-06-07 00:00:00,5.690,5.550,5.800,5.660,7123,4049000.00
1999-06-08 00:00:00,5.690,5.600,5.780,5.740,12775,7285000.00
1999-06-09 00:00:00,5.800,5.800,6.030,6.030,17684,10639000.00
1999-06-10 00:00:00,6.330,6.130,6.330,6.330,38793,24479000.00
1999-06-11 00:00:00,6.420,6.420,6.650,6.650,55966,37071000.00
1999-06-14 00:00:00,6.980,6.490,6.980,6.550,21557,14405000.00
1999-06-15 00:00:00,6.680,6.220,6.750,6.220,29648,18903000.00
1999-06-16 00:00:00,6.210,6.080,6.400,6.300,15452,9652000.00
1999-06-17 00:00:00,6.100,5.990,6.320,6.080,31302,18916000.00
1999-06-18 00:00:00,6.080,5.780,6.080,5.920,24580,14460000.00
1999-06-21 00:00:00,5.990,5.810,6.220,6.220,28210,17045000.00
1999-06-22 00:00:00,6.530,6.360,6.530,6.530,32207,20987000.00
1999-06-23 00:00:00,6.860,6.360,6.860,6.500,42286,27932000.00
1999-06-24 00:00:00,6.750,6.260,6.750,6.320,36235,23206000.00
1999-06-25 00:00:00,6.300,6.000,6.350,6.030,42644,26293000.00
1999-06-28 00:00:00,6.300,6.080,6.330,6.330,11521,7277000.00
1999-06-29 00:00:00,6.650,6.650,6.650,6.650,21241,14125000.00
1999-07-01 00:00:00,6.960,6.400,6.980,6.890,65807,44873000.00
1999-07-02 00:00:00,7.230,7.000,7.230,7.230,16549,11961000.00
1999-07-05 00:00:00,7.590,7.420,7.590,7.480,95869,72603000.00
1999-07-06 00:00:00,7.350,7.110,7.350,7.110,12062,8576000.00
1999-07-07 00:00:00,6.750,6.750,6.990,6.800,24860,16866000.00
1999-07-08 00:00:00,6.800,6.480,7.140,7.140,27170,18754000.00
1999-07-09 00:00:00,7.140,6.910,7.380,7.180,14180,10125000.00
1999-07-12 00:00:00,7.150,6.820,7.180,6.820,14625,10139000.00
1999-07-13 00:00:00,6.670,6.580,6.750,6.650,11257,7494000.00
1999-07-14 00:00:00,6.980,6.700,6.980,6.780,6893,4688000.00
1999-07-15 00:00:00,6.850,6.550,7.120,6.830,10179,7077000.00
1999-07-16 00:00:00,6.850,6.800,7.030,6.860,9150,6291000.00
1999-07-19 00:00:00,7.000,6.710,7.010,6.920,7389,5072000.00
1999-07-20 00:00:00,6.930,6.710,6.960,6.820,8294,5643000.00
1999-07-21 00:00:00,6.750,6.630,6.870,6.720,19958,13412000.00
1999-07-22 00:00:00,6.750,6.660,7.000,6.730,10345,7042000.00
1999-07-23 00:00:00,6.750,6.660,6.760,6.740,7751,5185000.00
1999-07-26 00:00:00,6.700,6.670,6.940,6.790,6715,4565000.00
1999-07-27 00:00:00,6.890,6.720,6.970,6.790,5952,4043000.00
1999-07-28 00:00:00,6.840,6.740,6.950,6.900,8245,5658000.00
1999-07-29 00:00:00,6.900,6.880,7.250,7.250,54698,39486000.00
1999-07-30 00:00:00,7.470,7.060,7.480,7.060,29560,21546000.00
1999-08-02 00:00:00,7.030,7.000,7.280,7.140,12753,9072000.00
1999-08-03 00:00:00,7.130,7.110,7.500,7.340,21874,16152000.00
1999-08-04 00:00:00,7.350,7.300,7.710,7.710,34299,26093000.00
1999-08-05 00:00:00,7.840,7.790,8.100,8.100,25362,20468000.00
1999-08-06 00:00:00,8.100,7.770,8.510,8.180,65390,54115000.00
1999-08-09 00:00:00,8.200,8.200,8.550,8.320,21830,18285000.00
1999-08-10 00:00:00,8.320,8.010,8.480,8.010,20705,17047000.00
1999-08-11 00:00:00,7.990,7.800,8.000,7.880,13978,11012000.00
1999-08-12 00:00:00,7.850,7.800,8.050,7.900,11246,8941000.00
1999-08-13 00:00:00,7.990,7.860,8.240,8.150,8856,7152000.00
1999-08-16 00:00:00,8.100,8.100,8.560,8.560,41094,35000000.00
1999-08-17 00:00:00,8.650,8.520,8.820,8.580,15028,13000000.00
1999-08-18 00:00:00,8.520,8.520,8.870,8.590,15129,13087000.00
1999-08-19 00:00:00,8.590,8.160,8.600,8.330,27385,22831000.00
1999-08-20 00:00:00,7.920,7.920,8.530,8.330,13486,11069000.00
1999-08-23 00:00:00,8.350,8.350,8.750,8.750,15884,13749000.00
1999-08-24 00:00:00,8.850,8.750,9.000,8.840,18502,16486000.00
1999-08-25 00:00:00,8.880,8.720,8.950,8.770,7340,6470000.00
1999-08-26 00:00:00,8.680,8.670,9.210,9.210,10076,9212000.00
1999-08-27 00:00:00,9.500,9.280,9.670,9.380,36760,35000000.00
1999-08-30 00:00:00,9.310,9.200,9.660,9.330,15292,14394000.00
1999-08-31 00:00:00,9.330,8.900,9.450,9.380,13613,12497000.00
1999-09-01 00:00:00,9.380,9.050,9.400,9.120,7585,6926000.00
1999-09-02 00:00:00,9.080,8.700,9.080,9.050,15920,14089000.00
1999-09-03 00:00:00,9.020,8.710,9.070,8.750,8966,7959000.00
1999-09-06 00:00:00,8.610,8.340,8.800,8.450,8410,7163000.00
1999-09-07 00:00:00,8.400,8.360,8.870,8.750,9618,8266000.00
1999-09-08 00:00:00,8.700,8.650,8.900,8.790,6385,5621000.00
1999-09-09 00:00:00,8.850,8.850,9.230,9.230,16958,15565000.00
1999-09-10 00:00:00,9.420,8.980,9.680,9.100,17373,16305000.00
1999-09-13 00:00:00,9.350,9.050,9.350,9.150,6728,6160000.00
1999-09-14 00:00:00,9.170,8.990,9.380,9.000,4988,4569000.00
1999-09-15 00:00:00,9.010,8.780,9.080,8.900,8544,7580000.00
1999-09-16 00:00:00,8.900,8.800,9.000,8.900,5625,5000000.00
1999-09-17 00:00:00,9.000,8.900,9.100,8.990,4025,3618000.00
1999-09-20 00:00:00,9.000,8.680,9.050,8.680,4390,3864000.00
1999-09-21 00:00:00,8.610,8.450,8.640,8.560,6350,5414000.00
1999-09-22 00:00:00,8.530,8.500,8.650,8.560,4518,3865000.00
1999-09-23 00:00:00,8.530,8.300,8.620,8.320,5983,5057000.00
1999-09-24 00:00:00,8.410,8.350,8.600,8.390,3517,2963000.00
1999-09-27 00:00:00,8.500,8.150,8.500,8.200,4506,3758000.00
1999-09-28 00:00:00,8.250,8.000,8.610,8.550,4530,3816000.00
1999-09-29 00:00:00,8.550,8.450,8.710,8.470,4019,3435000.00
1999-09-30 00:00:00,8.680,8.480,8.780,8.500,2950,2517000.00
1999-10-08 00:00:00,8.790,8.420,8.800,8.480,3722,3167000.00
1999-10-11 00:00:00,8.480,8.200,8.520,8.420,1847,1545000.00
1999-10-12 00:00:00,8.310,8.300,8.480,8.350,1699,1422000.00
1999-10-13 00:00:00,8.190,8.190,8.460,8.250,1464,1221000.00
1999-10-14 00:00:00,8.200,7.950,8.300,8.000,5828,4709000.00
1999-10-15 00:00:00,8.010,7.950,8.100,7.990,4949,3966000.00
1999-10-18 00:00:00,7.900,7.590,8.000,7.590,6310,4897000.00
1999-10-19 00:00:00,7.410,7.270,7.640,7.270,4787,3575000.00
1999-10-20 00:00:00,7.300,7.210,7.560,7.280,2807,2052000.00
1999-10-21 00:00:00,7.420,7.310,7.640,7.640,5480,4096000.00
1999-10-22 00:00:00,7.790,7.650,8.000,7.890,8612,6797000.00
1999-10-25 00:00:00,7.890,7.580,7.940,7.610,3230,2522000.00
1999-10-26 00:00:00,7.580,7.580,7.950,7.740,1869,1450000.00
1999-10-27 00:00:00,7.920,7.840,8.000,7.850,4937,3905000.00
1999-10-28 00:00:00,7.850,7.740,7.980,7.800,2662,2080000.00
1999-10-29 00:00:00,7.900,7.750,7.900,7.800,1843,1440000.00
1999-11-01 00:00:00,7.790,7.600,7.800,7.660,1353,1040000.00
1999-11-02 00:00:00,7.870,7.650,7.870,7.680,1238,950000.00
1999-11-03 00:00:00,7.680,7.300,7.690,7.300,6267,4631000.00
1999-11-04 00:00:00,7.250,7.220,7.550,7.450,1949,1430000.00
1999-11-05 00:00:00,7.500,7.330,7.500,7.400,1294,952000.00
1999-11-08 00:00:00,7.400,7.270,7.450,7.400,1393,1029000.00
1999-11-09 00:00:00,7.400,7.330,7.450,7.440,1529,1132000.00
1999-11-10 00:00:00,7.370,7.210,7.420,7.390,1825,1338000.00
1999-11-11 00:00:00,7.370,7.340,7.450,7.390,1121,827000.00
1999-11-12 00:00:00,7.350,7.300,7.450,7.380,1423,1046000.00
1999-11-15 00:00:00,7.350,7.230,7.400,7.400,1512,1102000.00
1999-11-16 00:00:00,7.350,7.280,7.390,7.300,1245,909000.00
1999-11-17 00:00:00,7.320,7.030,7.320,7.180,1995,1419000.00
1999-11-18 00:00:00,7.350,7.160,7.380,7.300,2863,2083000.00
1999-11-19 00:00:00,7.330,7.280,7.640,7.300,1945,1448000.00
1999-11-22 00:00:00,7.300,7.150,7.300,7.190,2622,1891000.00
1999-11-23 00:00:00,7.180,7.180,7.380,7.310,2859,2089000.00
1999-11-24 00:00:00,7.250,7.180,7.260,7.220,2222,1601000.00
1999-11-25 00:00:00,7.200,7.020,7.200,7.100,2289,1615000.00
1999-11-26 00:00:00,7.100,6.750,7.180,6.950,9740,6707000.00
1999-11-29 00:00:00,6.820,6.600,6.930,6.600,12892,8584000.00
1999-11-30 00:00:00,6.590,6.320,6.700,6.690,7468,4871000.00
1999-12-01 00:00:00,6.600,6.600,7.000,6.880,11582,7953000.00
1999-12-02 00:00:00,6.860,6.700,7.040,6.870,9288,6391000.00
1999-12-03 00:00:00,6.880,6.800,6.950,6.900,4901,3375000.00
1999-12-06 00:00:00,6.900,6.720,6.970,6.750,2797,1918000.00
1999-12-07 00:00:00,6.700,6.580,6.880,6.790,2988,2006000.00
1999-12-08 00:00:00,6.790,6.570,6.790,6.590,5406,3578000.00
1999-12-09 00:00:00,6.570,6.360,6.690,6.630,2003,1300000.00
1999-12-10 00:00:00,6.530,6.530,6.720,6.680,1885,1254000.00
1999-12-13 00:00:00,6.680,6.450,6.800,6.790,3451,2290000.00
1999-12-14 00:00:00,6.940,6.700,6.940,6.830,2786,1909000.00
1999-12-15 00:00:00,6.770,6.690,7.020,6.830,5837,4019000.00
1999-12-16 00:00:00,6.830,6.700,6.900,6.720,1672,1132000.00
1999-12-17 00:00:00,6.650,6.620,6.820,6.700,2494,1683000.00
1999-12-21 00:00:00,6.630,6.600,6.830,6.690,3745,2516000.00
1999-12-22 00:00:00,6.700,6.360,6.790,6.520,4863,3208000.00
1999-12-23 00:00:00,6.460,6.190,6.460,6.190,6627,4125000.00
1999-12-24 00:00:00,6.000,5.880,6.080,5.920,5108,3012000.00
1999-12-27 00:00:00,5.830,5.650,5.990,5.780,2084,1214000.00
1999-12-28 00:00:00,5.750,5.700,5.900,5.700,3782,2181000.00
1999-12-29 00:00:00,5.770,5.600,5.770,5.620,2695,1523000.00
1999-12-30 00:00:00,5.420,5.350,5.900,5.900,7201,4058000.00
2000-01-04 00:00:00,5.900,5.610,5.960,5.810,5533,3200000.00
2000-01-05 00:00:00,6.100,5.980,6.100,6.100,1641,1000000.00
2000-01-06 00:00:00,6.390,6.200,6.410,6.410,12235,7827000.00
2000-01-07 00:00:00,6.590,6.220,6.610,6.360,18318,11724000.00
2000-01-10 00:00:00,6.360,6.040,6.480,6.170,18935,11727000.00
2000-01-11 00:00:00,6.200,5.980,6.250,6.000,12206,7424000.00
2000-01-12 00:00:00,6.000,5.700,6.100,5.730,12750,7340000.00
2000-01-13 00:00:00,5.730,5.500,5.870,5.740,7361,4231000.00
2000-01-14 00:00:00,5.730,5.480,5.740,5.520,6864,3839000.00
2000-01-17 00:00:00,5.500,5.250,5.500,5.290,8482,4497000.00
2000-01-18 00:00:00,5.270,5.150,5.550,5.450,9330,4961000.00
2000-01-19 00:00:00,5.450,5.250,5.450,5.290,5158,2756000.00
2000-01-20 00:00:00,5.300,5.200,5.380,5.240,5975,3145000.00
2000-01-21 00:00:00,5.250,5.240,5.460,5.250,7420,3925000.00
2000-01-24 00:00:00,5.220,4.990,5.400,5.000,13038,6621000.00
2000-01-25 00:00:00,5.000,4.920,5.140,5.120,12347,6203000.00
2000-01-26 00:00:00,5.150,5.150,5.380,5.380,10183,5455000.00
2000-01-27 00:00:00,5.450,5.110,5.500,5.190,15543,8192000.00
2000-01-28 00:00:00,4.930,4.930,5.120,5.050,17038,8452018.00
2000-02-14 00:00:00,5.050,4.950,5.300,5.300,27363,14050000.00
2000-02-16 00:00:00,5.570,5.560,5.570,5.570,7868,4382000.00
2000-02-17 00:00:00,5.850,5.600,5.850,5.850,50917,29733000.00
2000-02-18 00:00:00,6.100,5.700,6.100,5.820,34496,20536000.00
2000-02-21 00:00:00,5.700,5.530,5.750,5.530,10437,5783000.00
2000-02-22 00:00:00,5.260,5.250,5.570,5.360,20009,10750000.00
2000-02-23 00:00:00,5.350,5.220,5.530,5.300,13331,7150000.00
2000-02-24 00:00:00,5.300,5.170,5.330,5.260,11830,6209000.00
2000-02-25 00:00:00,5.210,5.150,5.300,5.260,12854,6699000.00
2000-02-28 00:00:00,5.250,5.200,5.520,5.520,14384,7751000.00
2000-02-29 00:00:00,5.790,5.710,5.800,5.800,14155,8207000.00
2000-03-01 00:00:00,6.090,6.090,6.090,6.090,17401,10597000.00
2000-03-02 00:00:00,6.390,5.950,6.390,5.960,80385,50514000.00
2000-03-03 00:00:00,5.900,5.660,6.260,6.260,52648,32151000.00
2000-03-06 00:00:00,6.570,6.360,6.570,6.570,27579,18045000.00
2000-03-07 00:00:00,6.580,6.240,6.880,6.640,42697,28539000.00
2000-03-08 00:00:00,6.650,6.630,6.940,6.800,27252,18472000.00
2000-03-09 00:00:00,6.840,6.600,6.890,6.680,16070,10748000.00
2000-03-10 00:00:00,6.680,6.350,6.700,6.350,18990,12197000.00
2000-03-13 00:00:00,6.350,6.100,6.450,6.270,15180,9489000.00
2000-03-14 00:00:00,6.280,6.100,6.580,6.550,31176,20216000.00
2000-03-15 00:00:00,6.580,6.490,6.780,6.600,17233,11393000.00
2000-03-16 00:00:00,6.600,6.270,6.700,6.460,33519,22018000.00
2000-03-17 00:00:00,6.350,6.260,6.510,6.470,21113,13498000.00
2000-03-20 00:00:00,6.470,6.300,6.680,6.550,14804,9755000.00
2000-03-21 00:00:00,6.510,6.360,6.680,6.600,18669,12220000.00
2000-03-22 00:00:00,6.700,6.650,6.930,6.930,50363,34762000.00
2000-03-23 00:00:00,7.200,7.200,7.280,7.280,22397,16285000.00
2000-03-24 00:00:00,7.600,7.210,7.640,7.280,67141,50491000.00
2000-03-27 00:00:00,7.420,7.300,7.640,7.480,22237,16567000.00
2000-03-28 00:00:00,7.450,7.110,7.480,7.110,29959,21523000.00
2000-03-29 00:00:00,7.000,6.750,7.470,7.470,39169,27990000.00
2000-03-30 00:00:00,7.500,7.250,7.600,7.330,27666,20427000.00
2000-03-31 00:00:00,7.350,7.050,7.350,7.100,29883,21395000.00
2000-04-03 00:00:00,7.130,7.040,7.430,7.230,31635,23099000.00
2000-04-04 00:00:00,7.200,7.100,7.350,7.110,17439,12568000.00
2000-04-05 00:00:00,7.060,6.900,7.180,7.000,18145,12735000.00
2000-04-06 00:00:00,7.350,7.350,7.350,7.350,5008,3680000.00
2000-04-07 00:00:00,7.720,7.720,7.720,7.720,56035,43259000.00
2000-04-10 00:00:00,8.110,7.710,8.110,7.850,97252,77021000.00
2000-04-11 00:00:00,8.040,7.800,8.240,7.870,41648,33546000.00
2000-04-12 00:00:00,7.880,7.570,7.960,7.660,21625,16688000.00
2000-04-13 00:00:00,7.660,7.480,7.800,7.680,16222,12390000.00
2000-04-14 00:00:00,7.680,7.560,8.000,7.820,38248,29971000.00
2000-04-17 00:00:00,7.830,7.550,7.990,7.700,28860,22326000.00
2000-04-18 00:00:00,7.680,7.520,7.880,7.770,22835,17653000.00
2000-04-19 00:00:00,7.750,7.650,7.870,7.730,16651,12955000.00
2000-04-20 00:00:00,7.750,7.700,7.940,7.880,21024,16429000.00
2000-04-21 00:00:00,7.920,7.900,8.100,7.960,26652,21280000.00
2000-04-24 00:00:00,8.350,7.710,8.360,7.730,30144,24145000.00
2000-04-25 00:00:00,7.670,7.340,7.850,7.640,24874,18684000.00
2000-04-26 00:00:00,7.640,7.400,7.680,7.440,15751,11785000.00
2000-04-27 00:00:00,7.500,7.080,7.500,7.100,20242,14691000.00
2000-04-28 00:00:00,7.100,6.750,7.250,7.120,25034,17414000.00
2000-05-12 00:00:00,6.760,6.760,6.760,6.760,254,171000.00
2000-05-19 00:00:00,6.420,6.420,6.420,6.420,2318,1488000.00
2000-06-02 00:00:00,6.100,6.100,6.100,6.100,9946,6067000.00
2000-06-09 00:00:00,5.800,5.800,5.800,5.800,17294,10030000.00
2000-06-16 00:00:00,5.510,5.510,5.510,5.510,25392,13991000.00
2000-06-23 00:00:00,5.000,5.000,5.000,5.000,11027,5513000.00
2000-06-30 00:00:00,5.250,5.250,5.250,5.250,30852,16197000.00
2000-07-07 00:00:00,5.510,5.510,5.510,5.510,6278,3459000.00
2000-07-14 00:00:00,5.790,5.790,5.790,5.790,29491,17075000.00
2000-07-21 00:00:00,6.080,6.080,6.080,6.080,28909,17576000.00
2000-07-28 00:00:00,6.380,6.380,6.380,6.380,14759,9416000.00
2000-08-04 00:00:00,6.700,6.700,6.700,6.700,23585,15802000.00
2000-08-11 00:00:00,7.040,7.040,7.040,7.040,24922,17545000.00
2000-08-18 00:00:00,7.390,7.390,7.390,7.390,30173,22298000.00
2000-08-25 00:00:00,7.500,7.500,7.500,7.500,16675,12506000.00
2000-09-01 00:00:00,6.990,6.990,6.990,6.990,5755,4022000.00
2000-09-08 00:00:00,6.500,6.500,6.500,6.500,10613,6898000.00
2000-09-15 00:00:00,6.500,6.500,6.500,6.500,13882,9023000.00
2000-09-22 00:00:00,6.450,6.450,6.450,6.450,14774,9529000.00
2000-09-29 00:00:00,6.390,6.390,6.390,6.390,8548,5462000.00
2000-10-13 00:00:00,6.300,6.300,6.300,6.300,8268,5208000.00
2000-10-20 00:00:00,6.300,6.300,6.300,6.300,16008,10085000.00
2000-10-27 00:00:00,6.620,6.620,6.620,6.620,5696,3770000.00
2000-11-03 00:00:00,6.950,6.950,6.950,6.950,6904,4798000.00
2000-11-10 00:00:00,7.300,7.300,7.300,7.300,13669,9978000.00
2000-11-17 00:00:00,7.660,7.660,7.660,7.660,31131,23846000.00
2000-11-24 00:00:00,7.690,7.690,7.690,7.690,26381,20286000.00
2000-12-01 00:00:00,7.690,7.690,7.690,7.690,15893,12221000.00
2000-12-08 00:00:00,7.690,7.690,7.690,7.690,19068,14663000.00
2000-12-22 00:00:00,7.500,7.500,7.500,7.500,12576,9432000.00
2000-12-29 00:00:00,7.200,7.200,7.200,7.200,9958,7169000.00
2001-01-05 00:00:00,7.020,7.020,7.020,7.020,17811,12503000.00
2001-01-12 00:00:00,7.370,7.370,7.370,7.370,17437,12851000.00
2001-01-19 00:00:00,7.740,7.740,7.740,7.740,15480,11982000.00
2001-02-16 00:00:00,7.000,7.000,7.000,7.000,7491,5243000.00
2001-02-23 00:00:00,5.000,5.000,5.000,5.000,11818,5909000.00
2001-03-02 00:00:00,5.000,5.000,5.000,5.000,50483,25241000.00
2001-03-09 00:00:00,5.250,5.250,5.250,5.250,24341,12779000.00
2001-03-16 00:00:00,5.510,5.510,5.510,5.510,13125,7232000.00
2001-03-23 00:00:00,5.790,5.790,5.790,5.790,67069,38833000.00
2001-03-30 00:00:00,6.080,6.080,6.080,6.080,23763,14448000.00
2001-04-06 00:00:00,6.380,6.380,6.380,6.380,60123,38358000.00
2001-04-13 00:00:00,6.700,6.700,6.700,6.700,32690,21902000.00
2001-04-27 00:00:00,7.040,7.040,7.040,7.040,26560,18698000.00
2001-05-18 00:00:00,7.390,7.390,7.390,7.390,6040,4464000.00
2001-05-25 00:00:00,7.760,7.760,7.760,7.760,9524,7390000.00
2001-06-01 00:00:00,8.150,8.150,8.150,8.150,14381,11721020.00
2001-06-08 00:00:00,8.060,8.060,8.060,8.060,34094,27479000.00
2001-06-15 00:00:00,7.980,7.980,7.980,7.980,29212,23311000.00
2001-06-22 00:00:00,7.800,7.800,7.800,7.800,23273,18152000.00
2001-06-29 00:00:00,7.600,7.600,7.600,7.600,29196,22188000.00
2001-07-06 00:00:00,7.850,7.850,7.850,7.850,38636,30329000.00
2001-07-13 00:00:00,8.000,8.000,8.000,8.000,31783,25426000.00
2001-07-20 00:00:00,7.980,7.980,7.980,7.980,13438,10723000.00
2001-07-27 00:00:00,7.030,7.030,7.030,7.030,3918,2754000.00
2001-08-03 00:00:00,6.450,6.450,6.450,6.450,13065,8426000.00
2001-08-10 00:00:00,6.760,6.760,6.760,6.760,17892,12094000.00
2001-08-17 00:00:00,6.980,6.980,6.980,6.980,15439,10776000.00
2001-08-24 00:00:00,6.800,6.800,6.800,6.800,7534,5123000.00
2001-09-07 00:00:00,6.700,6.700,6.700,6.700,11427,7656000.00
2001-09-14 00:00:00,5.800,5.800,5.800,5.800,4339,2517000.00
2001-09-21 00:00:00,5.480,5.480,5.480,5.480,8683,4758000.00
2001-09-28 00:00:00,5.000,5.000,5.000,5.000,18175,9087000.00
2001-10-12 00:00:00,4.950,4.950,4.950,4.950,14738,7295000.00
2001-10-19 00:00:00,5.000,5.000,5.000,5.000,12829,6414000.00
2001-10-26 00:00:00,5.250,5.250,5.250,5.250,19944,10470000.00
2001-11-02 00:00:00,5.510,5.510,5.510,5.510,11901,6557000.00
2001-11-09 00:00:00,5.740,5.740,5.740,5.740,12723,7303000.00
2001-11-16 00:00:00,5.490,5.490,5.490,5.490,5259,2887000.00
2001-11-23 00:00:00,5.060,5.060,5.060,5.060,6779,3430000.00
2001-11-30 00:00:00,5.300,5.300,5.300,5.300,22112,11719000.00
2001-12-07 00:00:00,5.140,5.140,5.140,5.140,22027,11321000.00
2001-12-14 00:00:00,5.140,5.140,5.140,5.140,20968,10778000.00
2001-12-21 00:00:00,5.100,5.100,5.100,5.100,15483,7896000.00
2001-12-28 00:00:00,5.360,5.360,5.360,5.360,14948,8012000.00
2002-01-04 00:00:00,5.630,5.630,5.630,5.630,5846,3291000.00
2002-01-11 00:00:00,5.800,5.800,5.800,5.800,17823,10337000.00
2002-01-18 00:00:00,4.620,4.620,4.620,4.620,3852,1779000.00
2002-01-25 00:00:00,4.620,4.620,4.620,4.620,18478,8536000.00
2002-02-01 00:00:00,4.620,4.620,4.620,4.620,15175,7010000.00
2002-02-08 00:00:00,4.850,4.850,4.850,4.850,8575,4158000.00
2002-05-22 00:00:00,5.090,5.090,5.090,5.090,107,54000.00
2002-05-23 00:00:00,5.340,5.340,5.340,5.340,90,48000.00
2002-05-24 00:00:00,5.610,5.610,5.610,5.610,98,55000.00
2002-05-27 00:00:00,5.890,5.890,5.890,5.890,77,45000.00
2002-05-28 00:00:00,6.180,6.180,6.180,6.180,3421,2114000.00
2002-05-29 00:00:00,6.490,6.490,6.490,6.490,1413,917000.00
2002-05-30 00:00:00,6.810,6.180,6.810,6.200,216147,141371000.00
2002-05-31 00:00:00,5.960,5.960,6.510,6.510,147887,94534000.00
2002-06-03 00:00:00,6.610,6.400,6.780,6.540,153561,101355000.00
2002-06-04 00:00:00,6.560,6.210,6.560,6.270,73317,46411000.00
2002-06-05 00:00:00,6.280,5.960,6.280,5.960,58950,35487000.00
2002-06-06 00:00:00,5.880,5.810,6.260,6.170,59592,36243000.00
2002-06-07 00:00:00,6.140,6.010,6.400,6.180,53351,33203000.00
2002-06-10 00:00:00,6.180,6.040,6.260,6.150,20003,12259000.00
2002-06-11 00:00:00,6.100,6.080,6.460,6.460,43054,27591000.00
2002-06-12 00:00:00,6.580,6.280,6.660,6.390,65837,42395000.00
2002-06-13 00:00:00,6.380,6.310,6.500,6.350,33195,21291000.00
2002-06-14 00:00:00,6.320,6.150,6.360,6.180,23482,14661000.00
2002-06-17 00:00:00,6.120,6.050,6.280,6.220,12808,7921000.00
2002-06-18 00:00:00,6.180,6.180,6.440,6.300,21090,13344000.00
2002-06-19 00:00:00,6.290,6.270,6.620,6.470,89056,58107000.00
2002-06-20 00:00:00,6.440,6.420,6.670,6.540,58104,38269000.00
2002-06-21 00:00:00,6.580,6.500,6.870,6.790,110534,74513000.00
2002-06-24 00:00:00,7.130,6.810,7.130,7.130,104858,74186000.00
2002-06-25 00:00:00,7.280,6.930,7.350,6.980,110579,78682000.00
2002-06-26 00:00:00,6.830,6.710,6.970,6.910,79259,54272000.00
2002-06-27 00:00:00,6.900,6.860,7.250,7.030,62482,44183000.00
2002-06-28 00:00:00,7.000,6.800,7.200,6.860,61998,43162000.00
2002-07-01 00:00:00,6.850,6.730,6.950,6.750,36842,25151000.00
2002-07-02 00:00:00,6.710,6.680,6.870,6.810,22149,15018000.00
2002-07-03 00:00:00,6.810,6.750,6.910,6.860,24809,16971000.00
2002-07-04 00:00:00,6.860,6.770,6.940,6.800,18587,12696000.00
2002-07-05 00:00:00,6.800,6.800,6.930,6.850,21131,14487000.00
2002-07-08 00:00:00,6.850,6.840,7.060,6.900,25113,17416000.00
2002-07-09 00:00:00,6.900,6.900,7.160,7.090,39568,27960000.00
2002-07-10 00:00:00,7.090,6.910,7.220,6.940,39575,27955000.00
2002-07-11 00:00:00,6.900,6.810,6.970,6.900,17242,11875000.00
2002-07-12 00:00:00,6.900,6.880,7.030,6.960,15916,11117000.00
2002-07-15 00:00:00,6.990,6.980,7.160,7.030,26674,18883000.00
2002-07-16 00:00:00,7.050,6.900,7.100,6.970,16246,11340000.00
2002-07-17 00:00:00,6.970,6.850,7.000,6.960,13688,9438000.00
2002-07-18 00:00:00,6.930,6.830,6.990,6.900,10590,7291000.00
2002-07-19 00:00:00,6.910,6.870,6.980,6.930,11370,7871000.00
2002-07-22 00:00:00,6.950,6.810,7.020,6.830,15200,10482000.00
2002-07-23 00:00:00,6.800,6.610,6.850,6.640,21795,14691000.00
2002-07-24 00:00:00,6.640,6.570,6.740,6.600,14883,9875000.00
2002-07-25 00:00:00,6.650,6.560,6.690,6.590,8327,5497000.00
2002-07-26 00:00:00,6.650,6.560,6.650,6.600,4873,3213000.00
2002-07-29 00:00:00,6.580,6.350,6.600,6.450,17773,11458000.00
2002-07-30 00:00:00,6.480,6.450,6.560,6.540,6449,4198000.00
2002-07-31 00:00:00,6.540,6.460,6.670,6.500,7260,4773000.00
2002-08-01 00:00:00,6.460,6.450,6.550,6.510,4823,3127000.00
2002-08-02 00:00:00,6.520,6.500,6.650,6.590,4874,3207000.00
2002-08-05 00:00:00,6.560,6.500,6.650,6.530,3326,2174000.00
2002-08-06 00:00:00,6.530,6.500,6.610,6.600,4831,3172000.00
2002-08-07 00:00:00,6.600,6.540,6.820,6.760,20741,13944000.00
2002-08-08 00:00:00,6.760,6.700,7.090,6.930,53664,37450000.00
2002-08-09 00:00:00,6.930,6.930,7.280,7.280,95353,68104000.00
2002-08-12 00:00:00,7.270,7.180,7.380,7.330,82343,60036000.00
2002-08-13 00:00:00,7.330,7.170,7.330,7.240,28983,21019000.00
2002-08-14 00:00:00,7.280,7.090,7.280,7.150,29543,21147000.00
2002-08-15 00:00:00,7.150,7.100,7.510,7.490,79945,59377000.00
2002-08-16 00:00:00,7.410,7.340,7.520,7.450,41545,30834000.00
2002-08-19 00:00:00,7.480,7.340,7.500,7.470,22401,16634000.00
2002-08-20 00:00:00,7.380,7.300,7.490,7.480,31958,23615000.00
2002-08-21 00:00:00,7.480,7.340,7.480,7.370,20008,14796000.00
2002-08-22 00:00:00,7.370,7.160,7.370,7.270,40624,29457000.00
2002-08-23 00:00:00,7.260,7.230,7.350,7.280,10173,7404000.00
2002-08-26 00:00:00,7.280,7.080,7.280,7.100,21993,15721000.00
2002-08-27 00:00:00,7.080,7.050,7.460,7.250,62338,45558000.00
2002-08-28 00:00:00,7.200,7.150,7.440,7.290,56834,41359000.00
2002-08-29 00:00:00,7.280,7.090,7.300,7.160,29920,21448000.00
2002-08-30 00:00:00,7.220,7.140,7.230,7.210,8692,6248000.00
2002-09-02 00:00:00,7.200,7.150,7.260,7.190,8538,6135000.00
2002-09-03 00:00:00,7.180,7.120,7.250,7.200,11267,8101000.00
2002-09-04 00:00:00,7.240,7.140,7.260,7.230,11491,8301000.00
2002-09-05 00:00:00,7.230,7.160,7.470,7.450,66934,49366000.00
2002-09-06 00:00:00,7.450,7.290,7.580,7.370,26308,19454000.00
2002-09-09 00:00:00,7.370,7.120,7.380,7.200,35354,25510000.00
2002-09-10 00:00:00,7.200,7.070,7.250,7.190,24142,17206000.00
2002-09-11 00:00:00,7.180,7.060,7.190,7.170,8362,5932000.00
2002-09-12 00:00:00,7.100,7.060,7.210,7.190,7669,5474000.00
2002-09-13 00:00:00,7.150,7.090,7.180,7.160,4821,3433000.00
2002-09-16 00:00:00,7.150,6.800,7.210,6.930,21634,14963000.00
2002-09-17 00:00:00,6.880,6.590,6.940,6.730,29018,19463000.00
2002-09-18 00:00:00,6.660,6.500,6.840,6.760,13397,8969000.00
2002-09-19 00:00:00,6.740,6.700,6.880,6.840,9857,6713000.00
2002-09-20 00:00:00,6.840,6.700,6.840,6.760,3987,2701000.00
2002-09-23 00:00:00,6.700,6.600,6.750,6.740,6590,4381000.00
2002-09-24 00:00:00,6.680,6.600,6.740,6.720,4088,2729000.00
2002-09-25 00:00:00,6.660,6.560,6.860,6.730,7167,4810000.00
2002-09-26 00:00:00,6.660,6.510,6.700,6.510,9807,6457000.00
2002-09-27 00:00:00,6.490,6.450,6.620,6.500,8587,5600000.00
2002-10-08 00:00:00,6.580,6.290,6.580,6.390,5546,3531000.00
2002-10-09 00:00:00,6.410,6.070,6.410,6.100,11944,7305000.00
2002-10-10 00:00:00,6.050,6.010,6.200,6.130,7787,4767000.00
2002-10-11 00:00:00,6.130,6.040,6.240,6.150,4463,2747000.00
2002-10-14 00:00:00,6.140,6.080,6.220,6.180,5028,3093000.00
2002-10-15 00:00:00,6.180,6.150,6.290,6.190,4243,2639000.00
2002-10-16 00:00:00,6.290,6.150,6.290,6.240,5231,3246000.00
2002-10-17 00:00:00,6.210,5.990,6.250,6.070,7382,4486000.00
2002-10-18 00:00:00,6.180,6.050,6.190,6.120,3887,2374000.00
2002-10-21 00:00:00,6.100,6.080,6.240,6.200,4877,3013000.00
2002-10-22 00:00:00,6.240,6.200,6.440,6.370,14715,9308000.00
2002-10-23 00:00:00,6.360,6.300,6.460,6.400,6929,4421000.00
2002-10-24 00:00:00,6.380,6.220,6.400,6.230,6227,3909000.00
2002-10-25 00:00:00,6.220,6.080,6.280,6.110,6593,4052000.00
2002-10-28 00:00:00,6.100,5.990,6.130,6.040,7737,4665000.00
2002-10-29 00:00:00,6.000,5.860,6.100,6.050,8547,5132000.00
2002-10-30 00:00:00,6.050,5.950,6.080,6.050,6379,3833000.00
2002-10-31 00:00:00,6.060,6.000,6.140,6.000,4461,2705000.00
2002-11-01 00:00:00,5.980,5.800,6.010,5.870,10658,6252000.00
2002-11-04 00:00:00,5.880,5.860,5.970,5.920,5170,3045000.00
2002-11-05 00:00:00,5.920,5.910,6.100,6.070,13110,7897000.00
2002-11-06 00:00:00,6.080,6.020,6.090,6.030,5191,3142000.00
2002-11-07 00:00:00,6.050,5.980,6.080,6.030,5430,3275000.00
2002-11-08 00:00:00,6.080,5.780,6.120,5.860,11556,6817000.00
2002-11-11 00:00:00,5.760,5.730,5.910,5.770,5065,2936000.00
2002-11-12 00:00:00,5.770,5.570,5.800,5.590,8747,4944000.00
2002-11-13 00:00:00,5.510,5.310,5.580,5.440,6953,3771000.00
2002-11-14 00:00:00,5.440,5.260,5.450,5.260,6658,3553000.00
2002-11-15 00:00:00,5.200,5.200,5.380,5.290,5038,2667000.00
2002-11-18 00:00:00,5.350,5.300,5.550,5.550,11046,6006000.00
2002-11-19 00:00:00,5.570,5.430,5.670,5.570,11951,6663000.00
2002-11-20 00:00:00,5.570,5.290,5.570,5.300,8015,4281000.00
2002-11-21 00:00:00,5.200,5.060,5.300,5.080,6503,3339000.00
2002-11-22 00:00:00,5.130,5.000,5.240,5.100,5577,2849000.00
2002-11-25 00:00:00,5.120,5.060,5.280,5.230,4555,2377000.00
2002-11-26 00:00:00,5.250,5.090,5.430,5.160,4119,2130000.00
2002-11-27 00:00:00,5.150,5.150,5.320,5.300,5369,2814000.00
2002-11-28 00:00:00,5.330,5.230,5.420,5.410,5160,2752000.00
2002-11-29 00:00:00,5.390,5.310,5.510,5.400,14570,7878000.00
2002-12-02 00:00:00,5.370,5.160,5.400,5.170,4682,2472000.00
2002-12-03 00:00:00,5.140,5.100,5.290,5.280,6020,3119000.00
2002-12-04 00:00:00,5.300,5.220,5.400,5.290,4745,2531000.00
2002-12-05 00:00:00,5.250,5.100,5.280,5.260,4691,2431000.00
2002-12-06 00:00:00,5.280,5.200,5.460,5.450,13121,7073000.00
2002-12-09 00:00:00,5.440,5.360,5.500,5.500,8246,4486000.00
2002-12-10 00:00:00,5.500,5.240,5.510,5.280,8208,4437000.00
2002-12-11 00:00:00,5.220,5.150,5.300,5.280,7136,3726000.00
2002-12-12 00:00:00,5.280,5.260,5.380,5.380,4333,2306000.00
2002-12-13 00:00:00,5.350,5.230,5.440,5.440,11269,6020000.00
2002-12-16 00:00:00,5.500,5.350,5.500,5.440,6062,3278000.00
2002-12-17 00:00:00,5.410,5.330,5.490,5.460,7930,4303000.00
2002-12-18 00:00:00,5.550,5.530,5.730,5.730,16792,9593000.00
2002-12-19 00:00:00,5.880,5.620,5.880,5.740,38175,21882000.00
2002-12-20 00:00:00,5.680,5.620,5.780,5.710,9367,5347000.00
2002-12-23 00:00:00,5.710,5.670,5.790,5.720,10083,5782000.00
2002-12-24 00:00:00,5.680,5.580,5.690,5.670,10243,5763000.00
2002-12-25 00:00:00,5.680,5.660,5.850,5.700,11861,6815000.00
2002-12-26 00:00:00,5.700,5.420,5.700,5.470,19632,10761000.00
2002-12-27 00:00:00,5.400,5.200,5.460,5.340,12670,6714000.00
2002-12-30 00:00:00,5.220,5.200,5.300,5.260,4114,2154000.00
2002-12-31 00:00:00,5.270,5.100,5.300,5.250,9242,4799000.00
2003-01-02 00:00:00,5.160,5.060,5.240,5.130,5862,3005000.00
2003-01-03 00:00:00,5.200,5.100,5.290,5.250,6026,3140000.00
2003-01-06 00:00:00,5.220,5.220,5.350,5.300,4635,2450000.00
2003-01-07 00:00:00,5.300,5.200,5.350,5.270,4643,2441000.00
2003-01-08 00:00:00,5.270,5.250,5.380,5.370,6293,3342000.00
2003-01-09 00:00:00,5.370,5.300,5.440,5.440,16487,8898000.00
2003-01-10 00:00:00,5.480,5.340,5.480,5.350,7818,4233000.00
2003-01-13 00:00:00,5.350,5.280,5.360,5.330,4625,2456000.00
2003-01-14 00:00:00,5.310,5.310,5.580,5.510,20817,11377000.00
2003-01-15 00:00:00,5.510,5.420,5.680,5.580,23663,13064000.00
2003-01-16 00:00:00,5.550,5.550,5.750,5.740,25241,14291000.00
2003-01-17 00:00:00,5.750,5.620,5.850,5.730,26959,15571000.00
2003-01-20 00:00:00,5.730,5.630,5.800,5.740,14726,8411000.00
2003-01-21 00:00:00,5.740,5.610,5.850,5.640,19124,10978000.00
2003-01-22 00:00:00,5.610,5.550,5.920,5.920,52658,30695000.00
2003-01-23 00:00:00,5.920,5.680,6.100,5.870,49635,29218000.00
2003-01-24 00:00:00,5.800,5.620,5.800,5.720,15634,8913000.00
2003-01-27 00:00:00,5.720,5.660,5.830,5.750,7544,4351000.00
2003-01-28 00:00:00,5.750,5.680,5.830,5.770,7040,4055000.00
2003-01-29 00:00:00,5.800,5.750,5.890,5.760,7345,4264000.00
2003-02-10 00:00:00,5.790,5.700,5.820,5.770,5636,3256000.00
2003-02-11 00:00:00,5.780,5.720,5.800,5.800,4864,2807000.00
2003-02-12 00:00:00,5.800,5.740,5.880,5.840,7612,4434000.00
2003-02-13 00:00:00,5.850,5.800,6.000,5.900,13436,7942000.00
2003-02-14 00:00:00,5.880,5.850,5.970,5.940,9347,5522000.00
2003-02-17 00:00:00,5.910,5.780,5.980,5.830,10733,6306000.00
2003-02-18 00:00:00,5.800,5.760,5.880,5.840,8060,4676000.00
2003-02-19 00:00:00,5.810,5.750,5.840,5.830,8364,4836000.00
2003-02-20 00:00:00,5.830,5.810,5.960,5.870,11756,6925000.00
2003-02-21 00:00:00,5.810,5.710,5.890,5.720,11285,6526000.00
2003-02-24 00:00:00,5.710,5.690,5.800,5.740,5775,3316000.00
2003-02-25 00:00:00,5.720,5.720,5.890,5.850,8588,4991000.00
2003-02-26 00:00:00,5.840,5.840,5.920,5.910,7599,4475000.00
2003-02-27 00:00:00,5.910,5.860,6.020,6.010,17359,10320000.00
2003-02-28 00:00:00,6.050,5.850,6.090,5.880,14870,8780000.00
2003-03-03 00:00:00,5.940,5.820,5.970,5.860,11923,6996000.00
2003-03-04 00:00:00,5.860,5.830,5.940,5.920,11938,7014000.00
2003-03-05 00:00:00,5.920,5.820,5.920,5.880,6670,3907000.00
2003-03-06 00:00:00,5.880,5.760,5.880,5.770,8487,4932000.00
2003-03-07 00:00:00,5.750,5.700,5.840,5.800,9276,5345000.00
2003-03-10 00:00:00,5.780,5.600,5.800,5.600,10999,6224000.00
2003-03-11 00:00:00,5.600,5.450,5.680,5.540,9398,5189000.00
2003-03-12 00:00:00,5.550,5.450,5.600,5.590,6582,3633000.00
2003-03-13 00:00:00,5.690,5.690,5.870,5.870,14407,8440000.00
2003-03-14 00:00:00,5.970,5.880,6.060,5.910,63137,37729000.00
2003-03-17 00:00:00,5.860,5.780,6.210,6.200,59399,35996000.00
2003-03-18 00:00:00,6.150,6.060,6.270,6.080,34432,21213000.00
2003-03-19 00:00:00,6.060,6.030,6.200,6.080,20805,12685000.00
2003-03-20 00:00:00,6.060,5.930,6.110,6.000,18334,11026000.00
2003-03-21 00:00:00,5.980,5.930,6.180,6.160,29850,18246000.00
2003-03-24 00:00:00,6.180,6.130,6.240,6.190,18552,11460000.00
2003-03-25 00:00:00,6.160,6.010,6.190,6.050,13926,8452000.00
2003-03-26 00:00:00,6.030,6.030,6.140,6.080,13542,8235000.00
2003-03-27 00:00:00,6.100,6.010,6.160,6.140,15978,9714000.00
2003-03-28 00:00:00,6.160,6.080,6.390,6.220,33342,20805000.00
2003-03-31 00:00:00,6.220,6.180,6.350,6.320,20099,12641000.00
2003-04-01 00:00:00,6.300,6.300,6.580,6.460,45132,29145000.00
2003-04-02 00:00:00,6.510,6.410,6.560,6.490,25363,16505000.00
2003-04-03 00:00:00,6.500,6.400,6.550,6.510,15276,9877000.00
2003-04-04 00:00:00,6.500,6.350,6.500,6.420,16603,10661000.00
2003-04-07 00:00:00,6.390,6.360,6.740,6.680,41208,27473000.00
2003-04-09 00:00:00,6.600,6.550,6.840,6.730,37305,24952000.00
2003-04-10 00:00:00,6.700,6.680,6.960,6.920,30988,21320000.00
2003-04-11 00:00:00,6.900,6.800,7.020,6.940,29359,20269000.00
2003-04-14 00:00:00,6.910,6.680,6.920,6.800,45819,31033000.00
2003-04-15 00:00:00,6.780,6.680,7.000,6.810,32103,21940000.00
2003-04-16 00:00:00,6.810,6.510,6.810,6.550,35617,23766000.00
2003-04-17 00:00:00,6.540,6.530,6.880,6.880,43784,29852000.00
2003-04-18 00:00:00,6.950,6.930,7.220,7.110,88163,62984000.00
2003-04-21 00:00:00,7.070,6.800,7.070,6.810,31945,22054000.00
2003-04-22 00:00:00,6.700,6.600,7.150,7.150,34372,24428000.00
2003-04-23 00:00:00,7.270,7.100,7.460,7.130,64641,47204000.00
2003-04-24 00:00:00,7.030,6.770,7.200,6.880,37959,26275000.00
2003-04-25 00:00:00,6.650,6.560,6.990,6.600,27702,18548000.00
2003-04-28 00:00:00,6.510,6.280,6.770,6.660,29517,19354000.00
2003-04-30 00:00:00,6.720,6.550,6.870,6.630,21288,14292000.00
2003-05-12 00:00:00,6.580,6.340,6.700,6.540,22544,14561000.00
2003-05-13 00:00:00,6.500,6.450,6.800,6.730,24306,16255000.00
2003-05-14 00:00:00,6.750,6.680,7.070,7.070,37191,26004000.00
2003-05-15 00:00:00,7.180,6.920,7.190,7.100,26978,19047000.00
2003-05-16 00:00:00,7.100,6.940,7.150,7.050,22388,15686000.00
2003-05-19 00:00:00,7.080,6.970,7.370,7.290,34249,24817000.00
2003-05-20 00:00:00,7.280,6.930,7.350,6.930,36722,26009000.00
2003-05-21 00:00:00,6.900,6.860,7.090,6.950,18907,13198000.00
2003-05-22 00:00:00,6.970,6.780,7.060,6.890,22729,15652000.00
2003-05-23 00:00:00,6.850,6.790,7.020,6.930,18279,12612000.00
2003-05-26 00:00:00,6.980,6.880,7.050,7.040,11856,8253000.00
2003-05-27 00:00:00,7.050,6.870,7.060,6.950,10126,7020000.00
2003-05-28 00:00:00,6.910,6.820,6.980,6.830,13661,9391000.00
2003-05-29 00:00:00,6.820,6.680,6.880,6.750,16283,11005000.00
2003-05-30 00:00:00,6.720,6.720,7.040,6.990,17198,11921000.00
2003-06-02 00:00:00,6.970,6.900,7.220,7.060,19185,13592000.00
2003-06-03 00:00:00,7.070,6.900,7.140,6.930,10578,7409000.00
2003-06-04 00:00:00,6.900,6.820,7.040,6.900,8295,5733000.00
2003-06-05 00:00:00,6.900,6.900,7.130,6.940,11241,7899000.00
2003-06-06 00:00:00,6.960,6.720,6.960,6.740,9886,6757000.00
2003-06-09 00:00:00,6.700,6.600,6.790,6.670,9563,6377000.00
2003-06-10 00:00:00,6.650,6.640,6.730,6.700,4190,2804000.00
2003-06-11 00:00:00,6.700,6.680,6.790,6.750,5341,3593000.00
2003-06-12 00:00:00,6.750,6.710,6.900,6.880,7205,4924000.00
2003-06-13 00:00:00,6.880,6.760,6.920,6.840,7967,5449000.00
2003-06-16 00:00:00,6.880,6.750,6.900,6.890,4827,3287000.00
2003-06-17 00:00:00,6.880,6.810,6.940,6.890,6019,4156000.00
2003-06-18 00:00:00,6.800,6.700,6.860,6.750,5758,3898000.00
2003-06-19 00:00:00,6.730,6.650,6.790,6.690,6427,4295000.00
2003-06-20 00:00:00,6.700,6.500,6.700,6.560,6696,4423000.00
2003-06-23 00:00:00,6.540,6.470,6.800,6.770,17977,11993000.00
2003-06-24 00:00:00,6.750,6.640,6.950,6.860,26676,18204000.00
2003-06-25 00:00:00,6.880,6.640,6.880,6.740,6809,4601000.00
2003-06-26 00:00:00,6.650,6.480,6.720,6.630,12401,8146000.00
2003-06-27 00:00:00,6.600,6.480,6.650,6.480,6052,3950000.00
2003-06-30 00:00:00,6.460,6.300,6.480,6.330,5806,3711000.00
2003-07-01 00:00:00,6.320,6.230,6.420,6.280,5525,3497000.00
2003-07-02 00:00:00,6.280,6.200,6.390,6.390,11962,7571000.00
2003-07-03 00:00:00,6.390,6.390,6.670,6.600,29669,19370000.00
2003-07-04 00:00:00,6.610,6.470,6.740,6.500,22873,15113000.00
2003-07-07 00:00:00,6.520,6.390,6.520,6.470,5048,3253000.00
2003-07-08 00:00:00,6.420,6.420,6.540,6.470,3392,2200000.00
2003-07-09 00:00:00,6.480,6.420,6.560,6.420,2454,1584000.00
2003-07-10 00:00:00,6.420,6.350,6.560,6.530,8029,5184000.00
2003-07-11 00:00:00,6.530,6.430,6.660,6.600,6486,4269000.00
2003-07-14 00:00:00,6.600,6.480,6.660,6.520,3003,1970000.00
2003-07-15 00:00:00,6.500,6.380,6.530,6.510,4520,2919000.00
2003-07-16 00:00:00,6.460,6.400,6.540,6.510,4701,3034000.00
2003-07-17 00:00:00,6.500,6.390,6.520,6.410,6656,4272000.00
2003-07-18 00:00:00,6.420,6.200,6.430,6.250,12267,7714000.00
2003-07-21 00:00:00,6.210,5.940,6.210,5.940,16889,10106000.00
2003-07-22 00:00:00,5.800,5.800,6.000,5.900,7787,4605000.00
2003-07-23 00:00:00,5.980,5.930,6.180,6.090,12243,7458000.00
2003-07-24 00:00:00,6.090,5.920,6.100,5.940,5962,3568000.00
2003-07-25 00:00:00,5.950,5.760,6.020,5.790,7597,4452000.00
2003-07-28 00:00:00,5.770,5.500,5.770,5.580,19028,10543000.00
2003-07-29 00:00:00,5.600,5.550,5.680,5.610,6208,3480000.00
2003-07-30 00:00:00,5.650,5.550,5.680,5.660,4771,2680000.00
2003-07-31 00:00:00,5.680,5.550,5.680,5.580,3239,1810000.00
2003-08-01 00:00:00,5.580,5.480,5.650,5.630,4699,2600000.00
2003-08-04 00:00:00,5.590,5.590,5.770,5.750,7366,4191000.00
2003-08-05 00:00:00,5.680,5.650,5.800,5.730,4301,2464000.00
2003-08-06 00:00:00,5.700,5.700,5.990,5.880,11910,6980000.00
2003-08-07 00:00:00,5.880,5.780,5.900,5.830,4769,2780000.00
2003-08-08 00:00:00,5.830,5.730,5.950,5.780,7009,4086000.00
2003-08-11 00:00:00,5.760,5.690,5.830,5.760,4335,2487000.00
2003-08-12 00:00:00,5.780,5.750,5.850,5.800,2484,1438000.00
2003-08-13 00:00:00,5.800,5.600,5.800,5.650,4303,2436000.00
2003-08-14 00:00:00,5.580,5.580,5.780,5.760,4462,2540000.00
2003-08-15 00:00:00,5.760,5.650,5.760,5.700,2900,1654000.00
2003-08-18 00:00:00,5.650,5.550,5.690,5.600,3454,1932000.00
2003-08-19 00:00:00,5.660,5.580,5.670,5.610,1706,958000.00
2003-08-20 00:00:00,5.610,5.530,5.660,5.600,1504,840000.00
2003-08-21 00:00:00,5.600,5.530,5.650,5.650,2448,1369000.00
2003-08-22 00:00:00,5.710,5.560,5.710,5.590,2426,1369000.00
2003-08-25 00:00:00,5.570,5.410,5.580,5.420,3932,2153000.00
2003-08-26 00:00:00,5.360,5.360,5.470,5.440,2797,1512000.00
2003-08-27 00:00:00,5.480,5.430,5.590,5.480,3152,1734000.00
2003-08-28 00:00:00,5.450,5.360,5.510,5.400,1894,1029000.00
2003-08-29 00:00:00,5.350,5.180,5.480,5.320,6148,3253000.00
2003-09-01 00:00:00,5.310,5.230,5.480,5.480,19107,10177000.00
2003-09-02 00:00:00,5.450,5.360,5.460,5.400,5702,3080000.00
2003-09-03 00:00:00,5.390,5.250,5.400,5.350,7037,3732000.00
2003-09-04 00:00:00,5.340,5.300,5.390,5.360,7069,3777000.00
2003-09-05 00:00:00,5.360,5.210,5.430,5.300,7364,3912000.00
2003-09-08 00:00:00,5.290,5.110,5.290,5.210,5425,2798000.00
2003-09-09 00:00:00,5.160,5.130,5.210,5.170,4165,2151000.00
2003-09-10 00:00:00,5.140,5.140,5.240,5.170,3921,2037000.00
2003-09-11 00:00:00,5.180,5.180,5.280,5.270,4227,2218000.00
2003-09-12 00:00:00,5.250,5.100,5.250,5.130,3561,1833000.00
2003-09-15 00:00:00,5.130,5.050,5.180,5.090,3243,1657000.00
2003-09-16 00:00:00,5.050,5.040,5.130,5.110,5002,2536000.00
2003-09-17 00:00:00,5.150,5.050,5.310,5.180,10705,5591000.00
2003-09-18 00:00:00,5.130,5.100,5.220,5.120,4721,2435000.00
2003-09-19 00:00:00,5.120,5.000,5.130,5.080,9147,4610000.00
2003-09-22 00:00:00,5.100,5.030,5.120,5.110,6880,3484000.00
2003-09-23 00:00:00,5.150,5.050,5.290,5.290,21040,10938000.00
2003-09-24 00:00:00,5.300,5.220,5.330,5.300,13354,7065000.00
2003-09-25 00:00:00,5.280,5.120,5.290,5.140,7769,4031000.00
2003-09-26 00:00:00,5.130,5.130,5.330,5.290,15153,7962000.00
2003-09-29 00:00:00,5.300,5.210,5.360,5.280,12195,6438000.00
2003-09-30 00:00:00,5.260,5.020,5.280,5.140,20149,10221000.00
2003-10-08 00:00:00,5.100,5.020,5.180,5.140,7759,3983000.00
2003-10-09 00:00:00,5.100,5.020,5.170,5.070,7640,3883000.00
2003-10-10 00:00:00,5.100,5.040,5.230,5.190,10818,5581000.00
2003-10-13 00:00:00,5.170,5.070,5.200,5.140,7114,3644000.00
2003-10-14 00:00:00,5.170,5.170,5.400,5.400,52618,28281000.00
2003-10-15 00:00:00,5.390,5.320,5.450,5.350,17883,9613000.00
2003-10-16 00:00:00,5.320,5.120,5.370,5.150,15062,7875000.00
2003-10-17 00:00:00,5.170,5.090,5.200,5.140,6768,3475000.00
2003-10-20 00:00:00,5.120,5.120,5.190,5.150,4951,2547000.00
2003-10-21 00:00:00,5.170,5.070,5.180,5.100,5675,2889000.00
2003-10-22 00:00:00,5.110,5.110,5.290,5.260,11108,5770000.00
2003-10-23 00:00:00,5.260,5.140,5.300,5.150,6698,3498000.00
2003-10-24 00:00:00,5.160,5.080,5.200,5.110,7998,4093000.00
2003-10-27 00:00:00,5.140,4.850,5.140,4.850,21165,10328000.00
2003-10-28 00:00:00,4.750,4.610,4.810,4.610,19598,9105000.00
2003-10-29 00:00:00,4.570,4.380,4.570,4.380,12788,5652000.00
2003-10-30 00:00:00,4.160,4.160,4.330,4.320,20564,8653000.00
2003-10-31 00:00:00,4.240,4.200,4.460,4.310,12071,5259000.00
2003-11-03 00:00:00,4.310,4.160,4.380,4.220,12455,5274000.00
2003-11-04 00:00:00,4.220,4.010,4.300,4.290,49490,20242000.00
2003-11-05 00:00:00,4.260,4.080,4.260,4.080,29549,12189000.00
2003-11-06 00:00:00,4.000,3.880,4.000,3.880,27444,10677000.00
2003-11-07 00:00:00,3.720,3.690,3.870,3.780,29099,10855000.00
2003-11-10 00:00:00,3.760,3.590,3.760,3.600,26196,9448000.00
2003-11-11 00:00:00,3.600,3.590,3.780,3.760,33494,12506000.00
2003-11-12 00:00:00,3.700,3.570,3.740,3.570,16725,6080000.00
2003-11-13 00:00:00,3.550,3.450,3.750,3.750,32603,11996000.00
2003-11-14 00:00:00,3.800,3.760,3.890,3.800,33638,12860000.00
2003-11-17 00:00:00,3.720,3.720,3.980,3.900,21733,8363000.00
2003-11-18 00:00:00,3.900,3.830,3.970,3.870,22007,8616000.00
2003-11-19 00:00:00,3.860,3.800,3.950,3.920,17744,6907000.00
2003-11-20 00:00:00,3.930,3.860,4.080,4.080,31355,12548000.00
2003-11-21 00:00:00,4.080,4.030,4.250,4.160,34455,14203000.00
2003-11-24 00:00:00,4.200,4.080,4.260,4.200,29746,12332000.00
2003-11-25 00:00:00,4.210,4.140,4.260,4.250,31997,13468000.00
2003-11-26 00:00:00,4.250,4.060,4.250,4.100,23241,9618000.00
2003-11-27 00:00:00,4.080,3.970,4.180,3.980,20652,8387000.00
2003-11-28 00:00:00,4.000,3.800,4.010,3.890,15886,6207000.00
2003-12-01 00:00:00,3.890,3.860,4.080,4.080,26040,10439000.00
2003-12-02 00:00:00,4.150,4.140,4.280,4.280,73277,31094000.00
2003-12-03 00:00:00,4.300,4.130,4.320,4.220,28368,11969000.00
2003-12-04 00:00:00,4.160,4.160,4.340,4.250,20485,8742000.00
2003-12-05 00:00:00,4.240,4.120,4.300,4.200,15561,6510000.00
2003-12-08 00:00:00,4.200,4.130,4.230,4.140,9995,4174000.00
2003-12-09 00:00:00,4.150,4.080,4.180,4.150,10141,4179000.00
2003-12-10 00:00:00,4.130,4.070,4.150,4.150,12895,5301999.00
2003-12-11 00:00:00,4.150,4.110,4.340,4.250,20030,8514000.00
2003-12-12 00:00:00,4.280,4.220,4.310,4.220,11413,4870000.00
2003-12-15 00:00:00,4.210,4.180,4.300,4.290,9644,4081000.00
2003-12-16 00:00:00,4.280,4.190,4.380,4.210,17623,7517000.00
2003-12-17 00:00:00,4.200,4.100,4.200,4.120,13090,5411000.00
2003-12-18 00:00:00,4.100,3.910,4.150,3.910,23749,9419000.00
2003-12-19 00:00:00,3.800,3.710,3.800,3.710,14545,5417000.00
2003-12-22 00:00:00,3.520,3.520,3.670,3.590,34890,12404000.00
2003-12-23 00:00:00,3.590,3.520,3.720,3.650,22061,8029000.00
2003-12-24 00:00:00,3.650,3.470,3.740,3.510,33364,11836000.00
2003-12-25 00:00:00,3.510,3.330,3.690,3.690,41510,14849000.00
2003-12-26 00:00:00,3.700,3.520,3.720,3.640,24496,8909000.00
2003-12-29 00:00:00,3.600,3.530,3.740,3.690,22111,8111000.00
2003-12-30 00:00:00,3.660,3.520,3.730,3.540,20119,7223000.00
2003-12-31 00:00:00,3.520,3.400,3.630,3.580,18157,6350000.00
2004-01-02 00:00:00,3.570,3.480,3.650,3.590,10244,3679000.00
2004-01-05 00:00:00,3.570,3.410,3.640,3.510,22593,7883000.00
2004-01-06 00:00:00,3.500,3.370,3.600,3.490,24148,8340000.00
2004-01-07 00:00:00,3.460,3.400,3.550,3.470,21352,7371000.00
2004-01-09 00:00:00,3.480,3.480,3.640,3.640,38916,14002000.00
2004-01-12 00:00:00,3.690,3.590,3.690,3.630,18994,6906000.00
2004-01-13 00:00:00,3.640,3.570,3.810,3.740,36959,13834000.00
2004-01-14 00:00:00,3.720,3.700,3.860,3.800,30059,11411000.00
2004-01-15 00:00:00,3.800,3.700,3.800,3.710,19078,7132000.00
2004-01-16 00:00:00,3.700,3.560,3.700,3.640,18110,6580000.00
2004-01-29 00:00:00,3.660,3.660,3.820,3.820,6903,2620000.00
2004-01-30 00:00:00,4.010,3.870,4.010,3.940,67205,26610000.00
2004-02-02 00:00:00,3.990,3.910,4.140,4.140,57019,23368000.00
2004-02-03 00:00:00,4.350,4.250,4.350,4.350,28628,12424000.00
2004-02-04 00:00:00,4.560,4.540,4.570,4.570,14259,6509000.00
2004-02-05 00:00:00,4.800,4.470,4.800,4.580,119225,55297000.00
2004-02-06 00:00:00,4.600,4.350,4.790,4.360,59448,27152000.00
2004-02-09 00:00:00,4.320,4.320,4.580,4.580,44157,19905000.00
2004-02-10 00:00:00,4.730,4.450,4.770,4.510,45587,20760000.00
2004-02-11 00:00:00,4.510,4.510,4.680,4.600,29252,13390000.00
2004-02-12 00:00:00,4.600,4.600,4.830,4.810,87115,41790000.00
2004-02-13 00:00:00,4.750,4.570,4.800,4.590,53647,24724000.00
2004-02-16 00:00:00,4.640,4.500,4.820,4.790,46075,21815000.00
2004-02-17 00:00:00,4.820,4.810,4.970,4.820,49423,24157000.00
2004-02-18 00:00:00,4.820,4.820,5.040,5.020,57794,28733000.00
2004-02-19 00:00:00,5.050,5.010,5.150,5.050,44355,22476000.00
2004-02-20 00:00:00,5.080,5.000,5.140,5.090,30238,15296000.00
2004-02-23 00:00:00,5.100,4.910,5.110,4.920,34086,17048000.00
2004-02-24 00:00:00,4.850,4.670,4.920,4.710,37886,17984000.00
2004-02-25 00:00:00,4.710,4.650,4.810,4.660,22103,10493000.00
2004-02-26 00:00:00,4.620,4.430,4.620,4.480,32668,14651000.00
2004-02-27 00:00:00,4.400,4.400,4.660,4.620,17073,7748000.00
2004-03-01 00:00:00,4.610,4.510,4.670,4.660,15871,7250000.00
2004-03-02 00:00:00,4.660,4.660,4.790,4.710,23252,11005000.00
2004-03-03 00:00:00,4.700,4.510,4.750,4.520,15551,7142000.00
2004-03-04 00:00:00,4.500,4.450,4.620,4.560,10201,4640000.00
2004-03-05 00:00:00,4.580,4.480,4.590,4.560,12302,5571000.00
2004-03-08 00:00:00,4.500,4.330,4.530,4.340,15138,6676000.00
2004-03-09 00:00:00,4.300,4.270,4.470,4.410,14735,6425000.00
2004-03-10 00:00:00,4.390,4.330,4.480,4.460,6766,2980000.00
2004-03-11 00:00:00,4.460,4.410,4.530,4.480,11034,4926000.00
2004-03-12 00:00:00,4.460,4.390,4.480,4.400,9368,4156000.00
2004-03-15 00:00:00,4.400,4.370,4.550,4.510,13433,5998000.00
2004-03-16 00:00:00,4.510,4.510,4.740,4.740,21384,9915000.00
2004-03-17 00:00:00,4.760,4.700,4.830,4.740,21092,10040000.00
2004-03-18 00:00:00,4.740,4.510,4.760,4.550,15755,7273000.00
2004-03-19 00:00:00,4.540,4.520,4.640,4.630,9851,4504000.00
2004-03-22 00:00:00,4.610,4.580,4.740,4.690,11464,5356000.00
2004-03-23 00:00:00,4.690,4.650,4.750,4.700,14388,6776000.00
2004-03-24 00:00:00,4.680,4.590,4.750,4.650,10767,5057000.00
2004-03-25 00:00:00,4.650,4.550,4.660,4.570,11360,5222000.00
2004-03-26 00:00:00,4.570,4.530,4.640,4.560,7235,3313000.00
2004-03-29 00:00:00,4.560,4.540,4.710,4.660,19731,9073000.00
2004-03-30 00:00:00,4.660,4.590,4.680,4.670,9456,4381000.00
2004-03-31 00:00:00,4.670,4.670,4.830,4.790,28031,13363000.00
2004-04-01 00:00:00,4.920,4.860,4.990,4.890,45971,22613000.00
2004-04-02 00:00:00,4.890,4.820,4.950,4.900,23852,11660000.00
2004-04-05 00:00:00,4.900,4.740,4.920,4.820,17487,8409000.00
2004-04-06 00:00:00,4.800,4.760,4.880,4.850,16022,7730000.00
2004-04-07 00:00:00,4.850,4.820,5.000,4.910,32168,15803000.00
2004-04-08 00:00:00,4.910,4.840,4.950,4.860,16108,7873000.00
2004-04-09 00:00:00,4.900,4.860,5.100,4.890,54751,27371000.00
2004-04-12 00:00:00,4.890,4.800,4.950,4.920,21395,10461000.00
2004-04-13 00:00:00,4.890,4.880,5.070,5.050,38131,19097000.00
2004-04-14 00:00:00,5.050,4.800,5.120,4.820,33678,16539000.00
2004-04-15 00:00:00,4.780,4.740,4.890,4.740,16155,7793000.00
2004-04-16 00:00:00,4.700,4.500,4.750,4.550,30514,13904000.00
2004-04-19 00:00:00,4.530,4.370,4.550,4.440,11801,5275000.00
2004-04-20 00:00:00,4.430,4.400,4.540,4.410,6894,3083000.00
2004-04-21 00:00:00,4.400,4.380,4.510,4.450,7128,3161000.00
2004-04-22 00:00:00,4.430,4.410,4.490,4.470,5007,2229000.00
2004-04-23 00:00:00,4.450,4.360,4.490,4.370,7280,3226000.00
2004-04-26 00:00:00,4.300,4.190,4.340,4.200,9383,3982000.00
2004-04-27 00:00:00,4.200,3.990,4.240,3.990,16610,6791000.00
2004-04-28 00:00:00,3.910,3.880,4.130,4.090,9499,3791000.00
2004-04-29 00:00:00,4.050,4.030,4.120,4.070,6150,2510000.00
2004-04-30 00:00:00,3.900,3.900,4.110,4.020,4661,1874000.00
2004-05-10 00:00:00,4.030,3.960,4.080,4.060,4956,1997000.00
2004-05-11 00:00:00,4.060,3.990,4.060,4.030,2617,1052000.00
2004-05-12 00:00:00,4.050,4.010,4.160,4.150,6121,2512000.00
2004-05-13 00:00:00,4.180,4.080,4.190,4.170,6328,2618000.00
2004-05-14 00:00:00,4.200,4.100,4.250,4.120,7006,2924000.00
2004-05-17 00:00:00,4.100,4.060,4.140,4.090,3216,1314000.00
2004-05-18 00:00:00,4.100,4.060,4.150,4.140,3308,1354000.00
2004-05-19 00:00:00,4.120,4.110,4.220,4.140,5983,2497000.00
2004-05-20 00:00:00,4.180,4.090,4.180,4.090,4004,1650000.00
2004-05-24 00:00:00,4.060,3.890,4.070,3.890,15887,6213000.00
2004-05-25 00:00:00,3.800,3.710,3.890,3.740,9326,3502000.00
2004-05-26 00:00:00,3.710,3.680,3.840,3.770,3892,1469000.00
2004-05-27 00:00:00,3.780,3.720,3.860,3.840,5082,1943000.00
2004-05-28 00:00:00,3.840,3.830,4.030,3.950,12037,4794000.00
2004-05-31 00:00:00,3.940,3.880,3.990,3.940,3189,1256000.00
2004-06-01 00:00:00,3.950,3.920,4.000,3.990,3835,1526000.00
2004-06-02 00:00:00,4.000,3.990,4.070,4.010,5535,2223000.00
2004-06-03 00:00:00,4.000,3.820,4.000,3.830,8430,3275000.00
2004-06-04 00:00:00,3.800,3.760,3.890,3.830,3649,1398000.00
2004-06-07 00:00:00,3.800,3.680,3.820,3.740,6550,2447000.00
2004-06-08 00:00:00,3.700,3.680,3.780,3.740,4336,1619000.00
2004-06-09 00:00:00,3.710,3.700,3.780,3.720,4320,1615000.00
2004-06-10 00:00:00,3.700,3.530,3.700,3.560,6187,2228000.00
2004-06-11 00:00:00,3.590,3.570,3.740,3.650,8204,3029000.00
2004-06-14 00:00:00,3.650,3.580,3.680,3.590,5571,2013000.00
2004-06-15 00:00:00,3.550,3.520,3.690,3.680,4569,1659000.00
2004-06-16 00:00:00,3.720,3.650,3.860,3.770,8056,3053000.00
2004-06-17 00:00:00,3.720,3.680,3.790,3.710,4294,1604000.00
2004-06-18 00:00:00,3.690,3.610,3.690,3.660,4384,1596000.00
2004-06-21 00:00:00,3.610,3.610,3.790,3.730,4216,1581000.00
2004-06-22 00:00:00,3.730,3.700,3.820,3.750,2888,1089000.00
2004-06-23 00:00:00,3.720,3.720,3.830,3.790,6888,2625000.00
2004-06-24 00:00:00,3.740,3.740,3.850,3.740,2963,1120000.00
2004-06-25 00:00:00,3.740,3.620,3.780,3.650,4152,1547000.00
2004-06-28 00:00:00,3.650,3.580,3.650,3.580,3413,1231000.00
2004-06-29 00:00:00,3.580,3.570,3.690,3.630,3561,1288000.00
2004-06-30 00:00:00,3.610,3.600,3.690,3.670,3582,1306000.00
2004-07-01 00:00:00,3.600,3.600,3.770,3.750,6798,2524000.00
2004-07-02 00:00:00,3.760,3.720,3.850,3.810,7320,2779000.00
2004-07-05 00:00:00,3.800,3.750,3.910,3.850,5691,2194000.00
2004-07-06 00:00:00,3.850,3.820,3.940,3.900,7359,2865000.00
2004-07-07 00:00:00,3.880,3.820,3.940,3.820,5093,1978000.00
2004-07-08 00:00:00,3.800,3.790,3.860,3.830,2184,833000.00
2004-07-09 00:00:00,3.830,3.780,3.910,3.800,3435,1318000.00
2004-07-12 00:00:00,3.780,3.650,3.780,3.660,4394,1618000.00
2004-07-13 00:00:00,3.720,3.660,3.750,3.740,2811,1044000.00
2004-07-14 00:00:00,3.760,3.580,3.850,3.700,3584,1332000.00
2004-07-15 00:00:00,3.680,3.600,3.760,3.730,2754,1025000.00
2004-07-16 00:00:00,3.540,3.540,3.780,3.690,26413,9558000.00
2004-07-19 00:00:00,3.670,3.570,3.670,3.630,7871,2839000.00
2004-07-20 00:00:00,3.620,3.540,3.620,3.550,7596,2716000.00
2004-07-21 00:00:00,3.500,3.440,3.580,3.450,8779,3070000.00
2004-07-22 00:00:00,3.420,3.350,3.470,3.380,11637,3962000.00
2004-07-23 00:00:00,3.370,3.330,3.430,3.370,4837,1634000.00
2004-07-26 00:00:00,3.370,3.340,3.480,3.430,6509,2230000.00
2004-07-27 00:00:00,3.430,3.330,3.440,3.400,6180,2094000.00
2004-07-28 00:00:00,3.370,3.230,3.380,3.230,15964,5185000.00
2004-07-29 00:00:00,3.200,3.070,3.200,3.150,18488,5753000.00
2004-07-30 00:00:00,3.100,3.100,3.220,3.150,6385,2027000.00
2004-08-02 00:00:00,3.110,2.990,3.130,2.990,8390,2523000.00
2004-08-03 00:00:00,2.960,2.840,2.960,2.950,13922,4031000.00
2004-08-04 00:00:00,2.920,2.900,3.080,3.030,9552,2861000.00
2004-08-05 00:00:00,3.030,2.970,3.050,2.970,6522,1958000.00
2004-08-06 00:00:00,2.990,2.910,3.040,3.030,5818,1745000.00
2004-08-09 00:00:00,3.030,2.880,3.050,2.910,3529,1050000.00
2004-08-10 00:00:00,2.910,2.900,2.980,2.940,3082,903000.00
2004-08-11 00:00:00,2.930,2.850,2.940,2.860,3542,1020000.00
2004-08-12 00:00:00,2.850,2.720,2.850,2.720,8193,2231000.00
2004-08-13 00:00:00,2.620,2.590,2.720,2.660,8458,2255000.00
2004-08-16 00:00:00,2.650,2.530,2.660,2.530,13682,3474000.00
2004-08-17 00:00:00,2.490,2.480,2.570,2.550,2934,743000.00
2004-08-18 00:00:00,2.540,2.430,2.550,2.450,5768,1435000.00
2004-08-19 00:00:00,2.410,2.350,2.480,2.470,4797,1174000.00
2004-08-20 00:00:00,2.470,2.460,2.590,2.560,11457,2922000.00
2004-08-23 00:00:00,2.490,2.490,2.650,2.640,6948,1816000.00
2004-08-24 00:00:00,2.650,2.560,2.700,2.670,6396,1689000.00
2004-08-25 00:00:00,2.620,2.620,2.760,2.720,7363,1989000.00
2004-08-26 00:00:00,2.690,2.650,2.720,2.680,4136,1107000.00
2004-08-27 00:00:00,2.650,2.650,2.750,2.740,5419,1477000.00
2004-08-30 00:00:00,2.720,2.660,2.760,2.710,3468,942000.00
2004-08-31 00:00:00,2.730,2.730,2.850,2.850,11048,3126000.00
2004-09-01 00:00:00,2.820,2.820,2.990,2.990,20426,6090000.00
2004-09-02 00:00:00,2.990,2.940,3.140,3.140,21643,6625000.00
2004-09-03 00:00:00,3.140,3.100,3.300,3.250,18230,5940000.00
2004-09-06 00:00:00,3.200,3.140,3.290,3.180,11998,3849000.00
2004-09-07 00:00:00,3.160,3.030,3.220,3.060,13447,4168000.00
2004-09-08 00:00:00,3.070,3.040,3.210,3.210,19010,6017000.00
2004-09-09 00:00:00,3.180,3.080,3.240,3.130,8804,2770000.00
2004-09-10 00:00:00,3.080,2.980,3.280,3.180,13708,4290000.00
2004-09-13 00:00:00,3.140,3.100,3.180,3.120,2932,916000.00
2004-09-14 00:00:00,3.120,3.100,3.210,3.180,7372,2331000.00
2004-09-15 00:00:00,3.170,3.120,3.340,3.300,18499,6097000.00
2004-09-16 00:00:00,3.320,3.260,3.390,3.320,9668,3208000.00
2004-09-17 00:00:00,3.300,3.230,3.400,3.350,11601,3838000.00
2004-09-20 00:00:00,3.350,3.280,3.500,3.440,18372,6189000.00
2004-09-21 00:00:00,3.440,3.340,3.610,3.610,23524,8382000.00
2004-09-22 00:00:00,3.600,3.490,3.780,3.500,27250,9962000.00
2004-09-23 00:00:00,3.400,3.380,3.680,3.550,23113,8177000.00
2004-09-24 00:00:00,3.560,3.400,3.660,3.410,19747,7020000.00
2004-09-27 00:00:00,3.420,3.240,3.450,3.310,15394,5078000.00
2004-09-28 00:00:00,3.290,3.170,3.330,3.170,6628,2144000.00
2004-09-29 00:00:00,3.280,3.130,3.280,3.190,5229,1669000.00
2004-09-30 00:00:00,3.190,3.130,3.200,3.180,2324,738000.00
2004-10-08 00:00:00,3.160,3.150,3.330,3.280,3022,986000.00
2004-10-11 00:00:00,3.250,3.120,3.300,3.180,13219,4159000.00
2004-10-13 00:00:00,3.020,3.020,3.180,3.040,6280,1922000.00
2004-10-14 00:00:00,3.000,2.890,3.050,2.910,8777,2603000.00
2004-10-15 00:00:00,2.830,2.820,2.980,2.890,2138,613000.00
2004-10-18 00:00:00,2.890,2.880,3.030,3.030,4957,1483000.00
2004-10-19 00:00:00,3.150,3.030,3.180,3.180,5196,1645000.00
2004-10-20 00:00:00,3.290,3.070,3.340,3.100,9836,3190000.00
2004-10-21 00:00:00,3.100,2.970,3.160,3.060,3080,948000.00
2004-10-22 00:00:00,3.000,2.910,3.100,2.920,4253,1252000.00
2004-10-25 00:00:00,2.920,2.810,3.040,2.900,4170,1193000.00
2004-10-26 00:00:00,2.900,2.790,2.900,2.880,2357,673000.00
2004-10-27 00:00:00,2.880,2.850,3.020,3.000,3844,1140000.00
2004-10-28 00:00:00,3.000,2.970,3.030,2.990,2370,710000.00
2004-10-29 00:00:00,2.890,2.890,2.980,2.910,1208,354000.00
2004-11-01 00:00:00,2.900,2.870,3.030,3.000,3296,977000.00
2004-11-02 00:00:00,2.990,2.910,2.990,2.940,1062,311000.00
2004-11-03 00:00:00,2.930,2.890,2.940,2.940,1740,508000.00
2004-11-04 00:00:00,2.910,2.900,2.990,2.920,1098,322000.00
2004-11-05 00:00:00,2.870,2.860,2.950,2.910,578,167000.00
2004-11-08 00:00:00,2.900,2.810,2.990,2.970,844,248000.00
2004-11-09 00:00:00,2.890,2.890,2.990,2.950,1178,345000.00
2004-11-10 00:00:00,2.890,2.880,3.000,3.000,3486,1035000.00
2004-11-11 00:00:00,3.000,2.940,3.100,3.060,7922,2407000.00
2004-11-12 00:00:00,3.070,2.950,3.070,3.010,2188,656000.00
2004-11-15 00:00:00,2.980,2.970,3.060,3.030,3357,1012000.00
2004-11-16 00:00:00,3.030,2.970,3.050,3.020,2307,693000.00
2004-11-17 00:00:00,2.970,2.970,3.080,3.070,3469,1053000.00
2004-11-18 00:00:00,3.060,3.010,3.060,3.030,2416,732000.00
2004-11-19 00:00:00,3.040,2.990,3.040,3.040,2521,760000.00
2004-11-22 00:00:00,3.070,3.030,3.190,3.190,8227,2588000.00
2004-11-23 00:00:00,3.230,3.110,3.280,3.280,5259,1694000.00
2004-11-24 00:00:00,3.270,3.120,3.320,3.120,6006,1901000.00
2004-11-25 00:00:00,3.040,3.000,3.100,3.050,2927,889000.00
2004-11-26 00:00:00,3.030,3.030,3.160,3.150,2172,675000.00
2004-11-29 00:00:00,3.220,2.990,3.220,2.990,9461,2857000.00
2004-11-30 00:00:00,2.930,2.850,3.010,2.980,4604,1344000.00
2004-12-01 00:00:00,2.980,2.830,2.980,2.860,4761,1377000.00
2004-12-02 00:00:00,2.830,2.720,2.890,2.730,8267,2273000.00
2004-12-03 00:00:00,2.680,2.660,2.830,2.780,5126,1425000.00
2004-12-06 00:00:00,2.780,2.730,2.920,2.920,4876,1395000.00
2004-12-07 00:00:00,2.920,2.870,3.060,2.920,4479,1331000.00
2004-12-08 00:00:00,2.930,2.920,3.050,2.960,3487,1037000.00
2004-12-09 00:00:00,2.910,2.810,3.060,2.810,5416,1553000.00
2004-12-10 00:00:00,2.780,2.750,2.840,2.770,1769,491000.00
2004-12-13 00:00:00,2.780,2.750,2.830,2.790,1277,352000.00
2004-12-14 00:00:00,2.760,2.680,2.780,2.680,1796,491000.00
2004-12-15 00:00:00,2.670,2.660,2.720,2.690,2552,686000.00
2004-12-16 00:00:00,2.780,2.680,2.780,2.700,1650,448000.00
2004-12-17 00:00:00,2.580,2.580,2.790,2.720,8371,2286000.00
2004-12-20 00:00:00,2.680,2.600,2.800,2.670,911,241000.00
2004-12-21 00:00:00,2.680,2.600,2.740,2.650,2305,622000.00
2004-12-22 00:00:00,2.620,2.620,2.710,2.680,1326,355000.00
2004-12-23 00:00:00,2.690,2.680,2.770,2.710,8134,2228000.00
2004-12-24 00:00:00,2.650,2.610,2.690,2.630,2515,667000.00
2004-12-27 00:00:00,2.520,2.520,2.610,2.560,2552,653000.00
2004-12-28 00:00:00,2.530,2.500,2.600,2.580,2659,678000.00
2004-12-29 00:00:00,2.580,2.580,2.710,2.710,3138,830000.00
2004-12-30 00:00:00,2.700,2.570,2.710,2.630,4880,1296000.00
2004-12-31 00:00:00,2.630,2.530,2.630,2.560,1701,440000.00
2005-01-04 00:00:00,2.540,2.500,2.590,2.590,562,142000.00
2005-01-05 00:00:00,2.560,2.560,2.700,2.680,1470,391000.00
2005-01-06 00:00:00,2.700,2.630,2.730,2.720,2987,803000.00
2005-01-07 00:00:00,2.860,2.860,2.860,2.860,7475,2138000.00
2005-01-10 00:00:00,2.930,2.850,3.000,2.930,22203,6536000.00
2005-01-11 00:00:00,2.900,2.860,2.930,2.920,4522,1309000.00
2005-01-12 00:00:00,2.920,2.880,2.990,2.950,6589,1953000.00
2005-01-13 00:00:00,2.950,2.850,2.960,2.880,7647,2199000.00
2005-01-14 00:00:00,2.870,2.800,2.910,2.830,4055,1150000.00
2005-01-17 00:00:00,2.780,2.750,2.820,2.790,2730,759000.00
2005-01-18 00:00:00,2.770,2.770,2.860,2.830,3076,870000.00
2005-01-19 00:00:00,2.810,2.790,2.880,2.880,3518,1004000.00
2005-01-20 00:00:00,2.850,2.830,2.900,2.860,3224,922000.00
2005-01-21 00:00:00,2.900,2.730,2.900,2.830,4158,1162000.00
2005-01-24 00:00:00,2.850,2.820,2.890,2.840,3701,1052000.00
2005-01-25 00:00:00,2.840,2.820,2.950,2.940,7543,2194000.00
2005-01-26 00:00:00,2.950,2.880,2.970,2.890,2028,588000.00
2005-01-27 00:00:00,2.920,2.760,2.920,2.810,2920,826000.00
2005-01-28 00:00:00,2.880,2.670,2.880,2.720,3041,835000.00
2005-01-31 00:00:00,2.640,2.640,2.730,2.660,2809,751000.00
2005-02-01 00:00:00,2.720,2.650,2.780,2.740,3146,849000.00
2005-02-02 00:00:00,2.700,2.700,2.820,2.800,3488,964000.00
2005-02-03 00:00:00,2.800,2.720,2.840,2.720,3145,876000.00
2005-02-04 00:00:00,2.710,2.660,2.740,2.740,2649,716000.00
2005-02-16 00:00:00,2.730,2.730,2.880,2.880,4995,1424000.00
2005-02-17 00:00:00,2.900,2.810,2.920,2.890,3059,885000.00
2005-02-18 00:00:00,2.860,2.860,2.910,2.910,3550,1028000.00
2005-02-21 00:00:00,2.910,2.910,3.040,2.990,7576,2262000.00
2005-02-22 00:00:00,2.990,2.880,3.000,3.000,10713,3150000.00
2005-02-23 00:00:00,2.980,2.880,2.980,2.940,8658,2544000.00
2005-02-24 00:00:00,2.980,2.970,3.060,3.060,16937,5126000.00
2005-02-25 00:00:00,3.090,3.030,3.110,3.040,9408,2879000.00
2005-02-28 00:00:00,3.040,2.940,3.040,3.010,5410,1613000.00
2005-03-01 00:00:00,3.020,2.950,3.040,3.020,5251,1564000.00
2005-03-02 00:00:00,2.990,2.950,3.020,3.000,3971,1184000.00
2005-03-03 00:00:00,2.950,2.940,3.020,3.000,4314,1290000.00
2005-03-04 00:00:00,3.000,2.950,3.010,2.990,2856,853000.00
2005-03-07 00:00:00,2.990,2.960,3.010,2.980,3461,1032000.00
2005-03-08 00:00:00,3.040,2.980,3.040,3.000,4363,1307000.00
2005-03-09 00:00:00,3.050,2.960,3.050,2.990,4795,1432000.00
2005-03-10 00:00:00,2.960,2.900,3.010,2.930,4976,1461000.00
2005-03-11 00:00:00,3.000,2.930,3.040,3.040,10368,3101000.00
2005-03-14 00:00:00,3.100,2.920,3.100,3.000,5144,1554000.00
2005-03-15 00:00:00,3.000,2.920,3.000,2.950,3339,984000.00
2005-03-16 00:00:00,2.880,2.860,2.950,2.890,5783,1675000.00
2005-03-17 00:00:00,2.890,2.750,2.920,2.750,5464,1520000.00
2005-03-18 00:00:00,2.750,2.660,2.820,2.790,5014,1355000.00
2005-03-21 00:00:00,2.790,2.710,2.820,2.790,2000,556000.00
2005-03-22 00:00:00,2.800,2.670,2.800,2.690,2364,647000.00
2005-03-23 00:00:00,2.700,2.660,2.820,2.760,3582,980000.00
2005-03-24 00:00:00,2.760,2.690,2.770,2.750,2513,686000.00
2005-03-28 00:00:00,2.750,2.690,2.890,2.760,1636,448000.00
2005-03-29 00:00:00,2.790,2.670,2.800,2.700,1672,452000.00
2005-03-30 00:00:00,2.680,2.620,2.720,2.670,2917,781000.00
2005-03-31 00:00:00,2.660,2.540,2.660,2.540,4352,1110000.00
2005-04-01 00:00:00,2.500,2.450,2.600,2.560,4401,1111000.00
2005-04-04 00:00:00,2.550,2.460,2.650,2.610,2583,670000.00
2005-04-05 00:00:00,2.610,2.560,2.630,2.560,1423,369000.00
2005-04-06 00:00:00,2.480,2.480,2.610,2.580,1676,427000.00
2005-04-07 00:00:00,2.580,2.560,2.620,2.580,7680,1983000.00
2005-04-08 00:00:00,2.580,2.550,2.610,2.590,2779,719000.00
2005-04-11 00:00:00,2.590,2.550,2.640,2.640,3636,946000.00
2005-04-12 00:00:00,2.630,2.550,2.630,2.570,3168,819000.00
2005-04-13 00:00:00,2.560,2.550,2.640,2.600,3607,933000.00
2005-04-14 00:00:00,2.580,2.550,2.600,2.560,4060,1042000.00
2005-04-15 00:00:00,2.550,2.500,2.570,2.540,3657,925000.00
2005-04-18 00:00:00,2.510,2.470,2.530,2.510,2404,600000.00
2005-04-19 00:00:00,2.510,2.480,2.540,2.540,1982,493000.00
2005-04-20 00:00:00,2.510,2.470,2.510,2.470,2751,684000.00
2005-04-21 00:00:00,2.440,2.350,2.500,2.350,5013,1205000.00
2005-04-22 00:00:00,2.230,2.230,2.280,2.230,17290,3857000.00
2005-04-25 00:00:00,2.170,2.120,2.170,2.120,12107,2567000.00
2005-04-26 00:00:00,2.010,2.010,2.180,2.100,2279,479000.00
2005-04-27 00:00:00,2.090,2.020,2.100,2.040,1975,405000.00
2005-04-28 00:00:00,2.020,2.020,2.080,2.060,2411,492000.00
2005-04-29 00:00:00,1.960,1.960,2.040,2.010,4096,816000.00
2005-05-09 00:00:00,2.000,1.910,2.000,1.910,4137,798000.00
2005-05-10 00:00:00,1.860,1.810,1.900,1.810,3167,584000.00
2005-05-11 00:00:00,1.720,1.720,1.820,1.730,3721,649000.00
2005-05-12 00:00:00,1.700,1.650,1.820,1.740,3956,676000.00
2005-05-13 00:00:00,1.730,1.700,1.830,1.810,3423,600000.00
2005-05-16 00:00:00,1.770,1.770,1.830,1.790,1899,339000.00
2005-05-17 00:00:00,1.830,1.780,1.840,1.820,1892,343000.00
2005-05-18 00:00:00,1.850,1.810,1.860,1.860,995,182000.00
2005-05-19 00:00:00,1.860,1.820,1.860,1.860,897,164000.00
2005-05-20 00:00:00,1.820,1.820,1.880,1.830,2165,399000.00
2005-05-23 00:00:00,1.850,1.800,1.850,1.830,986,179000.00
2005-05-24 00:00:00,1.740,1.740,1.850,1.850,1138,208000.00
2005-05-25 00:00:00,1.860,1.830,1.860,1.850,966,178000.00
2005-05-26 00:00:00,1.840,1.770,1.870,1.820,973,178000.00
2005-05-27 00:00:00,1.800,1.760,1.830,1.790,1898,341000.00
2005-05-30 00:00:00,1.800,1.780,1.810,1.810,894,161000.00
2005-05-31 00:00:00,1.830,1.770,1.850,1.800,1118,200000.00
2005-06-01 00:00:00,1.830,1.780,1.830,1.790,386,69000.00
2005-06-02 00:00:00,1.800,1.750,1.800,1.750,618,108000.00
2005-06-03 00:00:00,1.750,1.680,1.770,1.710,786,135000.00
2005-06-06 00:00:00,1.770,1.700,1.800,1.800,3636,649000.00
2005-06-07 00:00:00,1.780,1.780,1.870,1.810,2669,487000.00
2005-06-08 00:00:00,1.810,1.780,1.900,1.900,5379,1009000.00
2005-06-09 00:00:00,1.910,1.820,1.980,1.920,11732,2238000.00
2005-06-10 00:00:00,1.910,1.820,1.910,1.850,3343,620000.00
2005-06-13 00:00:00,1.830,1.830,1.880,1.860,1842,341000.00
2005-06-14 00:00:00,1.880,1.850,1.920,1.870,2714,511000.00
2005-06-15 00:00:00,1.870,1.790,1.880,1.820,3210,583000.00
2005-06-16 00:00:00,1.910,1.910,1.910,1.910,3404,650000.00
2005-06-17 00:00:00,2.010,2.010,2.010,2.010,1325,266000.00
2005-06-20 00:00:00,2.110,2.110,2.110,2.110,1888,398000.00
2005-06-21 00:00:00,2.220,2.010,2.220,2.080,19536,4052000.00
2005-06-22 00:00:00,2.080,2.080,2.180,2.180,20071,4351000.00
2005-06-23 00:00:00,2.160,2.070,2.170,2.070,15293,3197000.00
2005-06-24 00:00:00,2.000,1.970,2.030,1.980,7211,1424000.00
2005-06-27 00:00:00,2.040,1.970,2.040,1.990,4017,805000.00
2005-06-28 00:00:00,1.960,1.950,2.050,2.040,3678,734000.00
2005-06-29 00:00:00,2.040,1.980,2.040,1.990,1925,383000.00
2005-06-30 00:00:00,1.990,1.910,2.000,1.950,2120,415000.00
2005-07-01 00:00:00,1.930,1.910,1.970,1.910,1949,376000.00
2005-07-04 00:00:00,1.900,1.810,1.910,1.820,2553,465000.00
2005-07-05 00:00:00,1.820,1.780,1.850,1.830,2289,415000.00
2005-07-06 00:00:00,1.860,1.820,1.880,1.870,1599,295000.00
2005-07-07 00:00:00,1.880,1.850,1.890,1.850,1337,250000.00
2005-07-08 00:00:00,1.850,1.760,1.850,1.760,2729,484000.00
2005-07-11 00:00:00,1.780,1.680,1.780,1.710,1995,345000.00
2005-07-12 00:00:00,1.660,1.640,1.780,1.750,2903,497000.00
2005-07-13 00:00:00,1.720,1.660,1.750,1.690,4629,778000.00
2005-07-14 00:00:00,1.690,1.610,1.690,1.610,5640,914000.00
2005-07-15 00:00:00,1.580,1.570,1.650,1.620,1770,285000.00
2005-07-18 00:00:00,1.550,1.550,1.660,1.560,1094,172000.00
2005-07-19 00:00:00,1.560,1.480,1.590,1.480,2878,432000.00
2005-07-20 00:00:00,1.450,1.430,1.490,1.480,4767,694000.00
2005-07-21 00:00:00,1.440,1.440,1.500,1.480,1319,194000.00
2005-07-22 00:00:00,1.500,1.460,1.540,1.530,3194,483000.00
2005-07-25 00:00:00,1.530,1.470,1.530,1.510,1898,285000.00
2005-07-26 00:00:00,1.500,1.490,1.550,1.550,2645,403000.00
2005-07-27 00:00:00,1.520,1.520,1.580,1.560,1920,298000.00
2005-07-28 00:00:00,1.540,1.540,1.630,1.600,2448,394000.00
2005-07-29 00:00:00,1.600,1.550,1.600,1.560,2215,346000.00
2005-08-01 00:00:00,1.550,1.550,1.590,1.560,2246,353000.00
2005-08-02 00:00:00,1.560,1.550,1.610,1.600,3320,526000.00
2005-08-03 00:00:00,1.610,1.570,1.650,1.640,8770,1419000.00
2005-08-04 00:00:00,1.630,1.560,1.660,1.590,5641,905000.00
2005-08-05 00:00:00,1.600,1.600,1.640,1.620,5573,901000.00
2005-08-08 00:00:00,1.660,1.620,1.700,1.640,5669,928000.00
2005-08-09 00:00:00,1.630,1.630,1.720,1.710,7814,1316000.00
2005-08-10 00:00:00,1.720,1.700,1.760,1.730,9324,1614000.00
2005-08-11 00:00:00,1.790,1.750,1.820,1.820,10140,1833000.00
2005-08-12 00:00:00,1.850,1.750,1.910,1.760,11856,2148000.00
2005-08-15 00:00:00,1.750,1.710,1.770,1.720,4922,851000.00
2005-08-16 00:00:00,1.740,1.740,1.810,1.810,2323,419000.00
2005-08-17 00:00:00,1.890,1.790,1.900,1.900,12685,2371000.00
2005-08-18 00:00:00,1.850,1.810,1.950,1.810,8542,1605000.00
2005-08-19 00:00:00,1.810,1.720,1.840,1.760,3462,611000.00
2005-08-22 00:00:00,1.700,1.700,1.800,1.790,3163,558000.00
2005-08-23 00:00:00,1.790,1.760,1.840,1.830,4195,755000.00
2005-08-24 00:00:00,1.830,1.810,1.920,1.890,38535,7347000.00
2005-08-25 00:00:00,1.930,1.830,1.980,1.980,34464,6735000.00
2005-08-26 00:00:00,2.030,1.910,2.080,2.080,25054,5149000.00
2005-08-29 00:00:00,2.100,1.990,2.160,2.050,30022,6122000.00
2005-08-30 00:00:00,2.010,1.950,2.010,1.950,11062,2167000.00
2005-08-31 00:00:00,1.870,1.850,1.950,1.880,16860,3147000.00
2005-09-01 00:00:00,1.880,1.850,1.940,1.920,13230,2502000.00
2005-09-02 00:00:00,1.920,1.890,1.980,1.970,7993,1549000.00
2005-09-05 00:00:00,1.980,1.970,2.050,2.020,7595,1536000.00
2005-09-06 00:00:00,2.030,1.920,2.070,1.930,14399,2866000.00
2005-09-07 00:00:00,1.910,1.880,1.970,1.970,5938,1147000.00
2005-09-08 00:00:00,1.980,1.870,2.000,1.930,7553,1456000.00
2005-09-09 00:00:00,1.930,1.920,1.990,1.940,4955,967000.00
2005-09-12 00:00:00,1.930,1.930,2.040,2.040,19633,3989000.00
2005-09-13 00:00:00,2.060,2.060,2.140,2.140,39878,8510000.00
2005-09-14 00:00:00,2.140,2.030,2.230,2.050,44539,9250000.00
2005-09-15 00:00:00,2.050,2.030,2.140,2.110,18931,3964000.00
2005-09-16 00:00:00,2.110,2.070,2.180,2.150,16302,3473000.00
2005-09-19 00:00:00,2.140,2.130,2.260,2.260,22933,5100000.00
2005-09-20 00:00:00,2.300,2.250,2.360,2.340,36276,8361000.00
2005-09-21 00:00:00,2.300,2.220,2.400,2.230,28946,6656000.00
2005-09-22 00:00:00,2.170,2.120,2.220,2.120,12800,2734000.00
2005-09-23 00:00:00,2.040,2.010,2.110,2.050,18052,3715000.00
2005-09-26 00:00:00,2.020,1.960,2.090,2.030,8907,1809000.00
2005-09-27 00:00:00,2.000,1.980,2.080,1.980,7850,1584000.00
2005-09-28 00:00:00,1.960,1.880,1.970,1.890,9618,1843000.00
2005-09-29 00:00:00,1.870,1.870,1.980,1.980,8143,1594000.00
2005-09-30 00:00:00,2.020,1.960,2.060,1.980,3298,658000.00
2005-10-10 00:00:00,2.000,1.890,2.050,1.960,3218,633000.00
2005-10-11 00:00:00,1.900,1.900,2.030,2.020,2957,590000.00
2005-10-12 00:00:00,2.040,1.980,2.050,2.030,3710,749000.00
2005-10-13 00:00:00,2.010,1.950,2.020,1.970,3890,768000.00
2005-10-14 00:00:00,1.970,1.890,1.970,1.910,2814,541000.00
2005-10-17 00:00:00,1.880,1.860,1.960,1.910,2697,515000.00
2005-10-18 00:00:00,1.960,1.890,1.960,1.930,5671,1081000.00
2005-10-19 00:00:00,1.910,1.900,1.950,1.930,2358,453000.00
2005-10-20 00:00:00,1.930,1.830,1.930,1.830,6134,1139000.00
2005-10-21 00:00:00,1.850,1.780,1.870,1.790,5608,1019000.00
2005-10-24 00:00:00,1.740,1.740,1.840,1.830,3849,694000.00
2005-10-25 00:00:00,1.810,1.780,1.920,1.920,9136,1711000.00
2005-10-26 00:00:00,1.920,1.840,1.940,1.880,6942,1314000.00
2005-10-27 00:00:00,1.860,1.790,1.860,1.800,4574,826000.00
2005-10-28 00:00:00,1.750,1.710,1.780,1.710,4442,766000.00
2005-10-31 00:00:00,1.650,1.650,1.750,1.740,2864,492000.00
2005-11-01 00:00:00,1.720,1.650,1.740,1.710,2926,487000.00
2005-11-02 00:00:00,1.680,1.680,1.730,1.720,4219,723000.00
2005-11-03 00:00:00,1.730,1.680,1.730,1.720,2952,503000.00
2005-11-04 00:00:00,1.720,1.700,1.770,1.760,2679,465000.00
2005-11-07 00:00:00,1.780,1.750,1.830,1.830,5528,998000.00
2005-11-08 00:00:00,1.790,1.770,1.920,1.920,5064,946000.00
2005-11-09 00:00:00,2.020,2.020,2.020,2.020,3638,735000.00
2005-11-10 00:00:00,2.120,1.980,2.120,2.000,58770,12178000.00
2005-11-11 00:00:00,1.900,1.900,2.100,2.100,40130,8313000.00
2005-11-14 00:00:00,2.090,2.010,2.210,2.150,42356,9043000.00
2005-11-15 00:00:00,2.090,2.040,2.140,2.040,18926,3926000.00
2005-11-16 00:00:00,1.970,1.940,2.030,1.980,18498,3612000.00
2005-11-17 00:00:00,1.950,1.900,1.960,1.910,10731,2059000.00
2005-11-18 00:00:00,1.920,1.910,1.950,1.910,8943,1724000.00
2005-11-21 00:00:00,1.930,1.920,1.980,1.960,8444,1642000.00
2005-11-22 00:00:00,1.970,1.950,2.010,1.970,11706,2316000.00
2005-11-23 00:00:00,1.970,1.900,1.980,1.940,9606,1855000.00
2005-11-24 00:00:00,1.920,1.910,1.940,1.920,4937,949000.00
2005-11-25 00:00:00,1.920,1.910,1.970,1.960,7094,1378000.00
2005-11-28 00:00:00,1.960,1.930,2.000,1.950,3722,729000.00
2005-11-29 00:00:00,1.940,1.850,1.940,1.850,11204,2089000.00
2005-11-30 00:00:00,1.850,1.760,1.850,1.800,11457,2040000.00
2005-12-01 00:00:00,1.780,1.760,1.820,1.770,3673,652000.00
2005-12-02 00:00:00,1.770,1.760,1.810,1.790,5941,1062000.00
2005-12-05 00:00:00,1.790,1.700,1.790,1.700,7185,1232000.00
2005-12-06 00:00:00,1.690,1.630,1.700,1.690,5122,854000.00
2005-12-07 00:00:00,1.680,1.660,1.740,1.740,4565,780000.00
2005-12-08 00:00:00,1.730,1.680,1.730,1.690,3761,639000.00
2005-12-09 00:00:00,1.660,1.650,1.730,1.700,1935,329000.00
2005-12-12 00:00:00,1.710,1.680,1.780,1.760,3306,575000.00
2005-12-13 00:00:00,1.750,1.730,1.800,1.780,2420,428000.00
2005-12-14 00:00:00,1.770,1.740,1.780,1.780,3689,647000.00
2005-12-15 00:00:00,1.770,1.750,1.790,1.770,2032,359000.00
2005-12-16 00:00:00,1.750,1.710,1.750,1.740,3442,597000.00
2005-12-19 00:00:00,1.710,1.700,1.770,1.770,2293,398000.00
2005-12-20 00:00:00,1.770,1.740,1.780,1.760,2085,365000.00
2005-12-21 00:00:00,1.750,1.710,1.760,1.720,2030,352000.00
2005-12-22 00:00:00,1.710,1.690,1.750,1.690,3844,655000.00
2005-12-23 00:00:00,1.680,1.680,1.750,1.720,4167,712000.00
2005-12-26 00:00:00,1.730,1.720,1.760,1.750,2474,432000.00
2005-12-27 00:00:00,1.760,1.740,1.790,1.750,4527,797000.00
2005-12-28 00:00:00,1.750,1.730,1.760,1.750,2754,481000.00
2005-12-29 00:00:00,1.750,1.750,1.780,1.770,3254,573000.00
2005-12-30 00:00:00,1.770,1.700,1.770,1.700,6627,1145000.00
2006-01-04 00:00:00,1.720,1.690,1.740,1.730,3069,528000.00
2006-01-05 00:00:00,1.730,1.710,1.760,1.740,4069,704000.00
2006-01-06 00:00:00,1.740,1.740,1.770,1.760,8452,1488000.00
2006-01-09 00:00:00,1.760,1.760,1.790,1.770,5440,965000.00
2006-01-10 00:00:00,1.770,1.760,1.800,1.800,4103,730000.00
2006-01-11 00:00:00,1.780,1.750,1.810,1.790,5223,930000.00
2006-01-12 00:00:00,1.790,1.770,1.790,1.790,5473,974000.00
2006-01-13 00:00:00,1.790,1.750,1.800,1.780,7172,1274000.00
2006-01-16 00:00:00,1.790,1.690,1.790,1.730,14624,2516000.00
2006-01-17 00:00:00,1.720,1.700,1.750,1.740,9498,1643000.00
2006-01-18 00:00:00,1.750,1.730,1.760,1.750,6009,1048000.00
2006-01-19 00:00:00,1.750,1.710,1.770,1.760,7763,1346000.00
2006-01-20 00:00:00,1.720,1.720,1.750,1.720,5299,915000.00
2006-01-23 00:00:00,1.740,1.640,1.740,1.700,8559,1435000.00
2006-01-24 00:00:00,1.690,1.620,1.690,1.620,9416,1545000.00
2006-01-25 00:00:00,1.610,1.570,1.670,1.670,9581,1552000.00
2006-02-06 00:00:00,1.660,1.650,1.690,1.690,4071,680000.00
2006-02-07 00:00:00,1.700,1.650,1.710,1.680,5296,883000.00
2006-02-08 00:00:00,1.690,1.610,1.690,1.680,3961,660000.00
2006-02-09 00:00:00,1.680,1.660,1.750,1.740,14416,2473000.00
2006-02-10 00:00:00,1.720,1.700,1.740,1.710,4668,797000.00
2006-02-13 00:00:00,1.690,1.690,1.730,1.700,5546,946000.00
2006-02-14 00:00:00,1.700,1.690,1.730,1.730,5106,875000.00
2006-02-15 00:00:00,1.730,1.690,1.740,1.710,4813,819000.00
2006-02-16 00:00:00,1.710,1.650,1.720,1.660,6351,1060000.00
2006-02-17 00:00:00,1.650,1.640,1.680,1.650,3813,630000.00
2006-02-20 00:00:00,1.640,1.630,1.670,1.650,2587,426000.00
2006-02-21 00:00:00,1.660,1.630,1.670,1.660,3747,619000.00
2006-02-22 00:00:00,1.660,1.650,1.700,1.700,6866,1149000.00
2006-02-23 00:00:00,1.700,1.690,1.750,1.720,12235,2105000.00
2006-02-24 00:00:00,1.720,1.690,1.720,1.700,4432,751000.00
2006-02-27 00:00:00,1.690,1.680,1.740,1.730,8473,1459000.00
2006-02-28 00:00:00,1.730,1.710,1.820,1.820,14380,2593000.00
2006-03-01 00:00:00,1.850,1.730,1.850,1.800,16277,2921000.00
2006-03-02 00:00:00,1.790,1.730,1.810,1.760,9304,1645000.00
2006-03-03 00:00:00,1.750,1.730,1.830,1.770,12762,2295000.00
2006-03-06 00:00:00,1.750,1.680,1.770,1.680,13239,2269000.00
2006-03-07 00:00:00,1.670,1.650,1.710,1.680,5768,964000.00
2006-03-08 00:00:00,1.670,1.600,1.670,1.610,9469,1531000.00
2006-03-09 00:00:00,1.610,1.600,1.630,1.630,3540,572000.00
2006-03-10 00:00:00,1.610,1.610,1.650,1.650,2977,483000.00
2006-03-13 00:00:00,1.620,1.610,1.640,1.640,1476,239000.00
2006-03-14 00:00:00,1.650,1.610,1.650,1.640,4871,789000.00
2006-03-15 00:00:00,1.640,1.630,1.680,1.660,5129,847000.00
2006-03-16 00:00:00,1.640,1.620,1.640,1.620,3771,612000.00
2006-03-17 00:00:00,1.620,1.600,1.650,1.640,3070,498000.00
2006-03-20 00:00:00,1.640,1.610,1.640,1.630,3589,584000.00
2006-03-21 00:00:00,1.620,1.610,1.660,1.650,4227,690000.00
2006-03-22 00:00:00,1.630,1.630,1.680,1.640,5451,901000.00
2006-03-23 00:00:00,1.630,1.620,1.660,1.630,4261,696000.00
2006-03-24 00:00:00,1.620,1.620,1.650,1.650,2555,418000.00
2006-03-27 00:00:00,1.630,1.620,1.640,1.640,3666,595000.00
2006-03-28 00:00:00,1.630,1.600,1.640,1.630,7888,1275000.00
2006-03-29 00:00:00,1.630,1.610,1.630,1.630,5702,922000.00
2006-03-30 00:00:00,1.630,1.610,1.710,1.680,20569,3460000.00
2006-03-31 00:00:00,1.650,1.600,1.680,1.620,9284,1517000.00
2006-04-03 00:00:00,1.610,1.600,1.650,1.620,6295,1021000.00
2006-04-04 00:00:00,1.620,1.600,1.630,1.610,9586,1542000.00
2006-04-05 00:00:00,1.610,1.530,1.610,1.590,11676,1834000.00
2006-04-06 00:00:00,1.590,1.510,1.590,1.530,12000,1851000.00
2006-04-07 00:00:00,1.510,1.500,1.610,1.610,14658,2327000.00
2006-04-10 00:00:00,1.680,1.600,1.680,1.630,12276,1996000.00
2006-04-11 00:00:00,1.600,1.590,1.630,1.630,11852,1906000.00
2006-04-12 00:00:00,1.630,1.600,1.700,1.670,15030,2484000.00
2006-04-13 00:00:00,1.650,1.640,1.750,1.690,19019,3209000.00
2006-04-14 00:00:00,1.680,1.630,1.690,1.670,7191,1194000.00
2006-04-17 00:00:00,1.670,1.640,1.680,1.660,6601,1096000.00
2006-04-18 00:00:00,1.680,1.660,1.740,1.700,13937,2373000.00
2006-04-19 00:00:00,1.700,1.680,1.730,1.710,15978,2732000.00
2006-04-20 00:00:00,1.700,1.640,1.720,1.650,13376,2256000.00
2006-04-21 00:00:00,1.660,1.570,1.660,1.580,15188,2420000.00
2006-04-24 00:00:00,1.570,1.570,1.660,1.630,11807,1925000.00
2006-04-25 00:00:00,1.620,1.570,1.660,1.650,12353,1988000.00
2006-04-26 00:00:00,1.640,1.570,1.640,1.590,11576,1849000.00
2006-04-27 00:00:00,1.590,1.580,1.640,1.600,9363,1514000.00
2006-04-28 00:00:00,1.600,1.560,1.630,1.610,10664,1707000.00
2006-05-08 00:00:00,1.590,1.590,1.690,1.690,21205,3558000.00
2006-05-09 00:00:00,1.680,1.650,1.770,1.770,30253,5332000.00
2006-05-10 00:00:00,1.860,1.800,1.860,1.860,19283,3577000.00
2006-05-12 00:00:00,1.950,1.850,1.950,1.950,14446,2809000.00
2006-05-15 00:00:00,2.050,2.050,2.050,2.050,6564,1345000.00
2006-05-16 00:00:00,2.150,2.150,2.150,2.150,4198,902000.00
2006-05-17 00:00:00,2.260,2.100,2.260,2.260,61637,13865000.00
2006-05-18 00:00:00,2.260,2.150,2.300,2.150,38108,8325000.00
2006-05-19 00:00:00,2.130,2.130,2.260,2.250,34251,7710000.00
2006-05-22 00:00:00,2.240,2.180,2.360,2.330,34979,8146000.00
2006-05-23 00:00:00,2.330,2.210,2.330,2.210,20776,4621000.00
2006-05-24 00:00:00,2.180,2.100,2.300,2.150,21270,4557000.00
2006-05-25 00:00:00,2.190,2.040,2.190,2.110,13892,2902000.00
2006-05-26 00:00:00,2.070,2.060,2.160,2.110,7760,1636000.00
2006-05-29 00:00:00,2.110,2.110,2.220,2.220,10986,2409000.00
2006-05-30 00:00:00,2.240,2.240,2.330,2.330,13522,3132000.00
2006-05-31 00:00:00,2.350,2.350,2.450,2.450,14233,3473000.00
2006-06-01 00:00:00,2.570,2.480,2.570,2.570,16996,4351000.00
2006-06-02 00:00:00,2.670,2.530,2.700,2.540,34450,9125000.00
2006-06-05 00:00:00,2.550,2.430,2.610,2.590,24029,6082000.00
2006-06-06 00:00:00,2.580,2.490,2.590,2.570,12922,3307000.00
2006-06-07 00:00:00,2.560,2.440,2.690,2.440,20224,5182000.00
2006-06-08 00:00:00,2.510,2.320,2.550,2.410,14482,3441000.00
2006-06-09 00:00:00,2.480,2.290,2.480,2.290,13741,3230000.00
2006-06-12 00:00:00,2.380,2.220,2.380,2.350,6238,1450000.00
2006-06-13 00:00:00,2.370,2.310,2.410,2.340,5074,1187000.00
2006-06-14 00:00:00,2.300,2.240,2.380,2.360,7004,1604000.00
2006-06-15 00:00:00,2.380,2.280,2.380,2.290,5211,1208000.00
2006-06-16 00:00:00,2.290,2.280,2.400,2.370,9349,2217000.00
2006-06-19 00:00:00,2.370,2.320,2.440,2.430,8400,2000000.00
2006-06-20 00:00:00,2.400,2.400,2.470,2.450,9495,2318000.00
2006-06-21 00:00:00,2.440,2.340,2.460,2.410,10717,2572000.00
2006-06-22 00:00:00,2.420,2.360,2.420,2.380,11909,2845000.00
2006-06-23 00:00:00,2.380,2.330,2.400,2.370,11150,2624000.00
2006-06-26 00:00:00,2.360,2.360,2.430,2.400,7943,1904000.00
2006-06-27 00:00:00,2.400,2.330,2.420,2.400,8028,1891000.00
2006-06-28 00:00:00,2.310,2.310,2.390,2.370,6551,1538000.00
2006-06-29 00:00:00,2.380,2.380,2.490,2.490,5988,1480000.00
2006-06-30 00:00:00,2.550,2.510,2.610,2.570,18385,4757000.00
2006-07-03 00:00:00,2.550,2.550,2.640,2.590,6896,1785000.00
2006-07-04 00:00:00,2.610,2.470,2.610,2.500,7141,1803000.00
2006-07-05 00:00:00,2.500,2.410,2.500,2.490,4151,1018000.00
2006-07-06 00:00:00,2.490,2.420,2.540,2.460,5597,1376000.00
2006-07-07 00:00:00,2.440,2.400,2.500,2.430,4876,1194000.00
2006-07-10 00:00:00,2.410,2.360,2.450,2.440,6384,1525000.00
2006-07-11 00:00:00,2.390,2.390,2.450,2.450,4025,977000.00
2006-07-12 00:00:00,2.410,2.380,2.440,2.380,4985,1201000.00
2006-07-13 00:00:00,2.390,2.280,2.390,2.290,8222,1911000.00
2006-07-14 00:00:00,2.290,2.190,2.400,2.330,3945,921000.00
2006-07-17 00:00:00,2.330,2.260,2.450,2.450,10432,2534000.00
2006-07-18 00:00:00,2.450,2.410,2.470,2.430,3944,959000.00
2006-07-19 00:00:00,2.390,2.320,2.430,2.380,7062,1676000.00
2006-07-20 00:00:00,2.380,2.310,2.400,2.400,3701,876000.00
2006-07-21 00:00:00,2.340,2.340,2.450,2.400,2359,560000.00
2006-07-24 00:00:00,2.390,2.340,2.390,2.370,4197,992000.00
2006-07-25 00:00:00,2.390,2.390,2.450,2.390,4971,1198000.00
2006-07-26 00:00:00,2.440,2.380,2.440,2.400,3181,761000.00
2006-07-27 00:00:00,2.380,2.370,2.400,2.370,3344,795000.00
2006-07-28 00:00:00,2.370,2.370,2.430,2.400,4422,1061000.00
2006-07-31 00:00:00,2.380,2.360,2.410,2.380,3336,794000.00
2006-08-01 00:00:00,2.380,2.380,2.500,2.500,9562,2353000.00
2006-08-02 00:00:00,2.580,2.570,2.630,2.630,30464,7997000.00
2006-08-03 00:00:00,2.650,2.500,2.680,2.500,21819,5634000.00
2006-08-04 00:00:00,2.500,2.400,2.500,2.410,10219,2508000.00
2006-08-07 00:00:00,2.380,2.300,2.410,2.390,6195,1455000.00
2006-08-08 00:00:00,2.400,2.360,2.490,2.430,3670,880000.00
2006-08-09 00:00:00,2.440,2.390,2.450,2.390,3789,919000.00
2006-08-10 00:00:00,2.390,2.360,2.440,2.430,6384,1526000.00
2006-08-11 00:00:00,2.430,2.410,2.530,2.500,12148,3024000.00
2006-08-14 00:00:00,2.500,2.400,2.510,2.410,7472,1836000.00
2006-08-15 00:00:00,2.380,2.360,2.420,2.380,14270,3402000.00
2006-08-16 00:00:00,2.380,2.380,2.500,2.470,9724,2392000.00
2006-08-17 00:00:00,2.450,2.420,2.520,2.490,8088,2003000.00
2006-08-18 00:00:00,2.510,2.460,2.610,2.600,24193,6239000.00
2006-08-21 00:00:00,2.500,2.500,2.730,2.730,55506,15004000.00
2006-08-22 00:00:00,2.750,2.630,2.800,2.740,27371,7479000.00
2006-08-23 00:00:00,2.720,2.700,2.870,2.770,24630,6915000.00
2006-08-24 00:00:00,2.760,2.640,2.800,2.700,26219,7119000.00
2006-08-25 00:00:00,2.670,2.600,2.700,2.660,24617,6494000.00
2006-08-28 00:00:00,2.660,2.610,2.680,2.650,24440,6443000.00
2006-08-29 00:00:00,2.640,2.640,2.740,2.720,29241,7859000.00
2006-08-30 00:00:00,2.720,2.710,2.820,2.790,41800,11589000.00
2006-08-31 00:00:00,2.790,2.700,2.820,2.720,14633,4021000.00
2006-09-01 00:00:00,2.710,2.640,2.770,2.660,28803,7730000.00
2006-09-04 00:00:00,2.660,2.650,2.740,2.710,24577,6646000.00
2006-09-05 00:00:00,2.710,2.640,2.720,2.660,17284,4621000.00
2006-09-06 00:00:00,2.660,2.650,2.720,2.690,16342,4371000.00
2006-09-07 00:00:00,2.680,2.680,2.820,2.820,77375,21680000.00
2006-09-08 00:00:00,2.860,2.820,2.960,2.960,59471,17467000.00
2006-09-11 00:00:00,2.990,2.850,3.110,3.010,86025,26148000.00
2006-09-12 00:00:00,2.980,2.980,3.080,3.020,26510,8029000.00
2006-09-13 00:00:00,3.030,3.020,3.150,3.050,39584,12194000.00
2006-09-14 00:00:00,3.050,2.910,3.090,2.990,29970,8950000.00
2006-09-15 00:00:00,3.000,2.980,3.140,3.140,45758,14144000.00
2006-09-18 00:00:00,3.100,3.080,3.280,3.250,29619,9546000.00
2006-09-19 00:00:00,3.260,3.200,3.310,3.230,27210,8847000.00
2006-09-20 00:00:00,3.210,3.100,3.350,3.320,29653,9642000.00
2006-09-21 00:00:00,3.310,3.300,3.490,3.490,62674,21765000.00
2006-09-22 00:00:00,3.580,3.380,3.660,3.530,62743,22311000.00
2006-09-25 00:00:00,3.500,3.360,3.580,3.470,41842,14492000.00
2006-09-26 00:00:00,3.470,3.340,3.500,3.420,23529,8003000.00
2006-09-27 00:00:00,3.420,3.400,3.590,3.490,18918,6643000.00
2006-09-28 00:00:00,3.460,3.460,3.640,3.580,31704,11359000.00
2006-09-29 00:00:00,3.590,3.550,3.680,3.640,19705,7119000.00
2006-10-09 00:00:00,3.750,3.580,3.780,3.630,26653,9776000.00
2006-10-10 00:00:00,3.600,3.520,3.680,3.560,26117,9279000.00
2006-10-11 00:00:00,3.580,3.510,3.630,3.550,18217,6467000.00
2006-10-12 00:00:00,3.520,3.520,3.640,3.570,34370,12308000.00
2006-10-13 00:00:00,3.570,3.480,3.590,3.520,20106,7081000.00
2006-10-16 00:00:00,3.520,3.340,3.530,3.340,36453,12328000.00
2006-10-17 00:00:00,3.340,3.170,3.350,3.210,69843,22398000.00
2006-10-18 00:00:00,3.190,3.180,3.320,3.320,25734,8412000.00
2006-10-19 00:00:00,3.360,3.330,3.490,3.490,42327,14680000.00
2006-10-20 00:00:00,3.620,3.460,3.620,3.510,42880,15195000.00
2006-10-23 00:00:00,3.470,3.330,3.530,3.330,23145,7907000.00
2006-10-24 00:00:00,3.290,3.180,3.420,3.360,26878,8909000.00
2006-10-25 00:00:00,3.350,3.250,3.530,3.530,48191,16806000.00
2006-10-26 00:00:00,3.510,3.450,3.600,3.500,15755,5536000.00
2006-10-27 00:00:00,3.480,3.420,3.670,3.530,31788,11327000.00
2006-10-30 00:00:00,3.570,3.490,3.640,3.550,16668,5925000.00
2006-10-31 00:00:00,3.540,3.500,3.600,3.590,24430,8659000.00
2006-11-01 00:00:00,3.590,3.530,3.640,3.560,29337,10468000.00
2006-11-02 00:00:00,3.580,3.450,3.600,3.470,26326,9267000.00
2006-11-03 00:00:00,3.450,3.400,3.540,3.450,16955,5843000.00
2006-11-06 00:00:00,3.450,3.390,3.620,3.620,30822,11038000.00
2006-11-07 00:00:00,3.670,3.600,3.800,3.700,57111,21304000.00
2006-11-08 00:00:00,3.680,3.610,3.750,3.640,21262,7801000.00
2006-11-09 00:00:00,3.660,3.510,3.700,3.610,28988,10406000.00
2006-11-10 00:00:00,3.590,3.500,3.670,3.550,29876,10600000.00
2006-11-13 00:00:00,3.500,3.370,3.570,3.390,25935,8877000.00
2006-11-14 00:00:00,3.390,3.220,3.470,3.370,19867,6640153.00
2006-11-15 00:00:00,3.380,3.200,3.390,3.200,33344,10878420.00
2006-11-16 00:00:00,3.200,3.040,3.200,3.040,29517,9019482.00
2006-11-17 00:00:00,2.890,2.890,2.890,2.890,10360,2994040.00
2006-11-27 00:00:00,2.750,2.750,3.030,3.030,79966,22249660.00
2006-11-28 00:00:00,2.910,2.880,3.180,3.030,100579,29993420.00
2006-11-29 00:00:00,2.980,2.920,3.150,3.100,53444,16533830.00
2006-11-30 00:00:00,3.040,3.040,3.220,3.190,62461,19770420.00
2006-12-01 00:00:00,3.200,3.200,3.350,3.350,80871,26844350.00
2006-12-13 00:00:00,3.520,3.250,3.520,3.280,80940,27594380.00
2006-12-14 00:00:00,3.190,3.120,3.320,3.130,60242,18910990.00
2006-12-15 00:00:00,3.100,2.970,3.140,2.970,80579,24225390.00
2007-01-16 00:00:00,3.440,3.090,3.440,3.120,129004,41329580.00
2007-01-17 00:00:00,3.110,2.960,3.110,2.960,92332,27485930.00
2007-01-18 00:00:00,2.910,2.820,2.960,2.930,58412,16868820.00
2007-01-19 00:00:00,2.910,2.900,3.080,3.070,77941,23812240.00
2007-01-22 00:00:00,3.100,3.100,3.220,3.220,49809,15937420.00
2007-01-23 00:00:00,3.300,3.120,3.360,3.240,57246,18573420.00
2007-01-24 00:00:00,3.250,3.150,3.280,3.280,57749,18583300.00
2007-01-26 00:00:00,3.190,3.120,3.190,3.120,42224,13218870.00
2007-01-29 00:00:00,3.130,2.990,3.220,3.100,53149,16348800.00
2007-01-30 00:00:00,3.110,3.020,3.140,3.060,40695,12443380.00
2007-01-31 00:00:00,3.000,2.980,3.190,3.070,57078,17576540.00
2007-02-01 00:00:00,3.020,2.990,3.120,3.050,43438,13281450.00
2007-02-02 00:00:00,3.080,2.950,3.080,2.970,31142,9434492.00
2007-02-05 00:00:00,2.960,2.900,3.060,3.030,40808,12199950.00
2007-02-06 00:00:00,3.030,3.030,3.180,3.180,75912,24011480.00
2007-02-07 00:00:00,3.220,3.120,3.300,3.150,64529,20659210.00
2007-02-08 00:00:00,3.150,3.100,3.190,3.160,33335,10475840.00
2007-02-09 00:00:00,3.150,3.090,3.220,3.190,39521,12451370.00
2007-02-12 00:00:00,3.190,3.180,3.250,3.250,42740,13741110.00
2007-02-13 00:00:00,3.260,3.210,3.410,3.360,59984,19843640.00
2007-02-14 00:00:00,3.360,3.310,3.430,3.390,59378,20042780.00
2007-02-15 00:00:00,3.380,3.360,3.450,3.400,53344,18133540.00
2007-02-16 00:00:00,3.420,3.410,3.570,3.570,80868,28502670.00
2007-02-26 00:00:00,3.650,3.590,3.750,3.750,33106,12348400.00
2007-02-27 00:00:00,3.940,3.720,3.940,3.760,159472,62022570.00
2007-02-28 00:00:00,3.950,3.610,3.950,3.950,83674,32871810.00
2007-03-01 00:00:00,3.990,3.990,4.150,4.150,105753,43586660.00
2007-03-02 00:00:00,4.290,3.950,4.350,4.070,109919,45272060.00
2007-03-05 00:00:00,4.060,3.880,4.190,4.060,73640,29685760.00
2007-03-06 00:00:00,4.030,3.920,4.070,3.960,43324,17236960.00
2007-03-07 00:00:00,3.930,3.930,4.110,4.050,54117,21810690.00
2007-03-08 00:00:00,4.100,4.000,4.100,4.060,45827,18538260.00
2007-03-09 00:00:00,4.060,4.050,4.260,4.260,82424,34860060.00
2007-03-12 00:00:00,4.350,4.290,4.470,4.470,54126,23965740.00
2007-03-13 00:00:00,4.570,4.570,4.690,4.690,46458,21766160.00
2007-03-14 00:00:00,4.890,4.460,4.920,4.660,150382,71656060.00
2007-03-15 00:00:00,4.600,4.570,4.890,4.890,61483,29474910.00
2007-03-16 00:00:00,5.080,4.900,5.130,5.100,140163,70924460.00
2007-03-19 00:00:00,4.880,4.850,5.250,4.900,148698,74581310.00
2007-03-20 00:00:00,4.900,4.900,5.130,5.060,64483,32347680.00
2007-03-21 00:00:00,5.090,5.050,5.240,5.190,71653,36749380.00
2007-03-22 00:00:00,5.100,5.100,5.450,5.450,100840,54522290.00
2007-03-23 00:00:00,5.710,5.580,5.720,5.720,122346,69862070.00
2007-03-26 00:00:00,5.980,5.560,5.980,5.800,159838,92768340.00
2007-03-27 00:00:00,5.750,5.560,5.950,5.750,101751,58493400.00
2007-03-28 00:00:00,5.720,5.480,5.820,5.650,109408,61449130.00
2007-03-29 00:00:00,5.600,5.370,5.700,5.370,74187,40690860.00
2007-03-30 00:00:00,5.200,5.100,5.460,5.380,107962,55967440.00
2007-04-02 00:00:00,5.350,5.330,5.650,5.650,104708,58349250.00
2007-04-03 00:00:00,5.650,5.540,5.750,5.600,49345,27840130.00
2007-04-04 00:00:00,5.610,5.380,5.700,5.660,65311,36298970.00
2007-04-05 00:00:00,5.660,5.520,5.710,5.590,42054,23628050.00
2007-04-06 00:00:00,5.520,5.510,5.680,5.600,61828,34630490.00
2007-04-09 00:00:00,5.600,5.580,5.880,5.880,116625,68115100.00
2007-04-10 00:00:00,6.150,5.910,6.170,6.170,107722,66253710.00
2007-04-11 00:00:00,6.290,6.000,6.480,6.160,136452,86294420.00
2007-04-12 00:00:00,6.150,5.980,6.200,6.180,66069,40341000.00
2007-04-13 00:00:00,6.160,6.060,6.490,6.480,143280,92335230.00
2007-04-16 00:00:00,6.570,6.570,6.800,6.800,104571,70539280.00
2007-04-17 00:00:00,6.990,6.980,7.140,7.140,102093,72306500.00
2007-04-18 00:00:00,7.300,7.300,7.500,7.500,96777,72271880.00
2007-04-19 00:00:00,7.600,7.200,7.880,7.880,188298,144954100.00
2007-04-20 00:00:00,8.270,7.700,8.270,8.270,88892,72945700.00
2007-04-23 00:00:00,8.500,7.860,8.600,7.990,154009,125166000.00
2007-04-24 00:00:00,7.790,7.590,8.100,7.720,155647,120698400.00
2007-04-25 00:00:00,7.600,7.400,8.020,7.960,107505,82469300.00
2007-04-26 00:00:00,7.970,7.970,8.360,8.360,106085,88384210.00
2007-04-27 00:00:00,8.780,8.280,8.780,8.520,178461,154737400.00
2007-05-08 00:00:00,8.600,8.090,8.800,8.200,125018,103267300.00
2007-05-09 00:00:00,8.100,8.000,8.550,8.320,105270,87532740.00
2007-05-10 00:00:00,8.310,8.080,8.740,8.740,89156,75594280.00
2007-05-11 00:00:00,9.170,8.970,9.180,9.180,80712,73949320.00
2007-05-14 00:00:00,9.400,9.180,9.640,9.640,44675,42500580.00
2007-05-15 00:00:00,10.120,9.800,10.120,10.120,63419,64090840.00
2007-05-16 00:00:00,10.080,9.700,10.550,10.250,131747,134517800.00
2007-05-17 00:00:00,10.250,10.010,10.760,10.760,102992,106378800.00
2007-05-21 00:00:00,10.230,10.230,11.300,11.300,79119,88616350.00
2007-05-22 00:00:00,11.700,11.500,11.870,11.870,27279,32304700.00
2007-05-23 00:00:00,12.460,12.100,12.460,12.460,100899,124877900.00
2007-05-24 00:00:00,12.580,11.900,13.000,12.200,108792,134706000.00
2007-05-25 00:00:00,11.600,11.590,12.800,12.400,118601,144441900.00
2007-05-28 00:00:00,12.500,12.200,12.740,12.400,76069,94452180.00
2007-05-29 00:00:00,12.390,11.880,12.580,12.140,65429,79430720.00
2007-05-30 00:00:00,11.530,11.530,11.990,11.530,47560,55158220.00
2007-05-31 00:00:00,10.950,10.950,10.950,10.950,10787,11811770.00
2007-06-01 00:00:00,10.400,10.400,10.400,10.400,6772,7042880.00
2007-06-04 00:00:00,9.880,9.880,9.880,9.880,4733,4676204.00
2007-06-05 00:00:00,9.390,9.390,9.390,9.390,2514,2360646.00
2007-06-06 00:00:00,8.920,8.920,9.860,9.860,189788,179326100.00
2007-06-07 00:00:00,9.800,9.630,10.350,10.350,80991,83137370.00
2007-06-08 00:00:00,10.870,10.780,10.870,10.870,34957,37982620.00
2007-06-11 00:00:00,11.410,10.480,11.410,10.860,120480,132668200.00
2007-06-12 00:00:00,11.000,10.410,11.220,11.180,79369,86371290.00
2007-06-13 00:00:00,11.380,11.180,11.650,11.400,83618,95070660.00
2007-06-14 00:00:00,11.510,11.400,11.950,11.550,68573,80244610.00
2007-06-15 00:00:00,11.610,10.970,11.610,10.970,73495,81879880.00
2007-06-18 00:00:00,10.970,10.630,11.210,10.980,62990,68747320.00
2007-06-19 00:00:00,10.720,10.700,11.300,11.250,55138,60804380.00
2007-06-20 00:00:00,11.430,10.690,11.520,10.690,78771,87702830.00
2007-06-21 00:00:00,10.650,10.160,10.840,10.220,69694,71578980.00
2007-06-22 00:00:00,10.220,9.710,10.220,9.780,59835,58609120.00
2007-06-25 00:00:00,9.500,9.290,10.000,9.950,73956,70852910.00
2007-06-26 00:00:00,9.890,9.610,10.120,10.040,42577,42132780.00
2007-06-27 00:00:00,10.120,10.040,10.540,10.370,111489,115816700.00
2007-06-28 00:00:00,10.290,9.850,10.570,9.850,72270,73749510.00
2007-06-29 00:00:00,9.490,9.360,9.530,9.360,35120,32949940.00
2007-07-02 00:00:00,9.100,8.890,9.380,8.890,31007,28117700.00
2007-07-03 00:00:00,8.630,8.450,9.290,8.800,85272,73335180.00
2007-07-04 00:00:00,8.780,8.360,8.780,8.360,18472,15550310.00
2007-07-05 00:00:00,7.940,7.940,8.100,7.940,19263,15301000.00
2007-07-06 00:00:00,7.540,7.540,8.120,7.710,72521,55497150.00
2007-07-09 00:00:00,7.750,7.340,7.980,7.830,42405,32800360.00
2007-07-10 00:00:00,7.850,7.440,7.880,7.480,34551,26206390.00
2007-07-11 00:00:00,7.480,7.200,7.850,7.850,21477,16490210.00
2007-07-12 00:00:00,8.240,8.010,8.240,8.240,26988,22231690.00
2007-07-13 00:00:00,8.500,7.990,8.550,8.070,34953,28855680.00
2007-07-16 00:00:00,8.150,7.980,8.470,8.100,19488,16046930.00
2007-07-17 00:00:00,8.100,7.990,8.360,8.190,9269,7596982.00
2007-07-18 00:00:00,8.180,8.080,8.570,8.450,42232,35744580.00
2007-07-19 00:00:00,8.600,8.310,8.740,8.330,36094,31000340.00
2007-07-20 00:00:00,8.330,8.180,8.550,8.420,32305,26875350.00
2007-07-23 00:00:00,8.450,8.300,8.680,8.600,36538,31055120.00
2007-07-24 00:00:00,8.680,8.400,8.860,8.480,33298,28715460.00
2007-07-25 00:00:00,8.600,8.420,8.600,8.550,24740,21046550.00
2007-07-26 00:00:00,8.550,8.450,8.880,8.730,38522,33140900.00
2007-07-27 00:00:00,8.640,8.590,9.170,9.170,41830,37963880.00
2007-07-30 00:00:00,9.400,9.210,9.630,9.630,22887,21906010.00
2007-07-31 00:00:00,9.980,9.600,10.110,9.800,57784,57211910.00
2007-08-01 00:00:00,9.780,9.310,9.960,9.310,49557,47082780.00
2007-08-02 00:00:00,9.380,9.050,9.640,9.490,40589,38177480.00
2007-08-03 00:00:00,9.500,9.400,9.960,9.760,35058,33953570.00
2007-10-25 00:00:00,9.270,9.270,10.250,9.270,1702,1581086.00
2007-10-26 00:00:00,8.810,8.810,8.810,8.810,460,405260.00
2007-10-29 00:00:00,8.370,8.370,8.370,8.370,3960,3314520.00
2007-10-30 00:00:00,7.950,7.950,8.340,7.950,37974,30268900.00
2007-10-31 00:00:00,7.570,7.570,8.160,7.960,80096,63707200.00
2007-11-01 00:00:00,7.950,7.560,7.960,7.560,52782,40280500.00
2007-11-02 00:00:00,7.270,7.180,7.360,7.180,62272,44915170.00
2007-11-05 00:00:00,7.180,7.030,7.540,7.500,43552,31982120.00
2007-11-06 00:00:00,7.370,7.270,7.520,7.390,14409,10633470.00
2007-11-07 00:00:00,7.430,7.200,7.670,7.400,15294,11294590.00
2007-11-08 00:00:00,7.440,7.030,7.440,7.030,24533,17402180.00
2007-11-09 00:00:00,6.800,6.680,6.940,6.680,27473,18410280.00
2007-11-12 00:00:00,6.450,6.350,6.600,6.350,21556,13722020.00
2007-11-13 00:00:00,6.450,6.350,6.630,6.570,23786,15403230.00
2007-11-14 00:00:00,6.570,6.490,6.900,6.900,25678,17459100.00
2007-11-15 00:00:00,6.950,6.900,7.190,7.000,25484,17932520.00
2007-11-16 00:00:00,6.990,6.750,7.040,6.990,12020,8236380.00
2007-11-19 00:00:00,6.990,6.930,7.260,7.180,12375,8837915.00
2007-11-20 00:00:00,7.150,7.060,7.260,7.220,12355,8870540.00
2007-11-21 00:00:00,7.180,7.060,7.300,7.080,11642,8355555.00
2007-11-22 00:00:00,7.030,6.730,7.120,6.730,20776,14187090.00
2007-11-23 00:00:00,6.530,6.530,6.930,6.900,10529,7105964.00
2007-11-26 00:00:00,6.960,6.830,7.080,6.950,13387,9345702.00
2007-11-27 00:00:00,7.060,6.700,7.060,6.850,9855,6833107.00
2007-11-28 00:00:00,6.800,6.800,7.020,6.920,8012,5551255.00
2007-11-29 00:00:00,7.000,6.860,7.130,7.100,10760,7571941.00
2007-11-30 00:00:00,7.120,7.050,7.460,7.460,25820,19018310.00
2007-12-03 00:00:00,7.600,7.510,7.830,7.830,56077,43606220.00
2007-12-13 00:00:00,7.440,7.440,8.220,8.220,23306,18608060.00
2007-12-14 00:00:00,8.630,8.630,8.630,8.630,7330,6325376.00
2007-12-17 00:00:00,8.990,8.260,9.060,8.530,84572,74567500.00
2007-12-18 00:00:00,8.530,8.390,8.960,8.960,49062,43725960.00
2007-12-19 00:00:00,9.040,8.840,9.280,8.950,36782,33249880.00
2007-12-20 00:00:00,8.880,8.620,9.200,8.800,28117,24812360.00
2007-12-21 00:00:00,8.700,8.600,8.900,8.880,22026,19336820.00
2007-12-24 00:00:00,8.900,8.900,9.320,9.320,22279,20730680.00
2007-12-25 00:00:00,9.580,9.180,9.650,9.330,43428,41198270.00
2007-12-26 00:00:00,9.480,9.480,9.800,9.800,22937,22378980.00
2007-12-27 00:00:00,9.900,9.710,10.290,10.270,34048,34367780.00
2007-12-28 00:00:00,10.300,10.010,10.460,10.130,23568,23924550.00
2008-01-02 00:00:00,10.270,9.620,10.300,10.020,45043,44124320.00
2008-01-03 00:00:00,9.950,9.780,10.250,10.140,35119,35107580.00
2008-01-04 00:00:00,10.470,9.800,10.650,10.130,35716,36555940.00
2008-01-07 00:00:00,10.110,9.840,10.280,10.260,41332,41419980.00
2008-01-08 00:00:00,10.180,9.800,10.330,10.140,34869,35170230.00
2008-01-09 00:00:00,10.160,10.000,10.650,10.650,52904,55301430.00
2008-01-10 00:00:00,11.180,11.010,11.180,11.180,21312,23825630.00
2008-01-11 00:00:00,11.740,11.180,11.740,11.430,86563,99304910.00
2008-01-14 00:00:00,11.650,11.000,11.700,11.390,46062,52006260.00
2008-01-15 00:00:00,11.390,10.850,11.390,11.110,33020,36538410.00
2008-01-16 00:00:00,10.950,10.860,11.450,11.160,30868,34306700.00
2008-01-17 00:00:00,11.050,10.600,11.220,10.640,36577,39362200.00
2008-01-18 00:00:00,10.590,10.110,10.700,10.190,40596,41539500.00
2008-01-21 00:00:00,10.000,9.690,10.490,9.790,27563,27598510.00
2008-01-22 00:00:00,9.440,9.300,9.580,9.300,16584,15463510.00
2008-01-23 00:00:00,8.840,8.840,9.280,9.040,34042,30447990.00
2008-01-24 00:00:00,9.000,8.920,9.430,9.230,20892,19314230.00
2008-01-25 00:00:00,9.230,9.050,9.600,9.350,17654,16533300.00
2008-01-28 00:00:00,9.290,8.880,9.290,8.880,15181,13549800.00
2008-01-29 00:00:00,8.480,8.440,9.000,8.490,15543,13244080.00
2008-01-30 00:00:00,8.650,8.240,8.740,8.480,11508,9836747.00
2008-01-31 00:00:00,8.490,8.200,8.600,8.290,8558,7193326.00
2008-02-01 00:00:00,8.300,7.880,8.390,7.880,10951,8712087.00
2008-02-04 00:00:00,8.010,7.920,8.270,8.270,10700,8775936.00
2008-02-05 00:00:00,8.500,8.310,8.670,8.650,13021,11048430.00
2008-02-13 00:00:00,8.530,8.380,9.080,8.880,19903,17844710.00
2008-02-14 00:00:00,8.880,8.800,9.110,8.890,9415,8409417.00
2008-02-15 00:00:00,8.820,8.600,8.930,8.610,11651,10158090.00
2008-02-18 00:00:00,8.700,8.700,9.040,9.040,14812,13196440.00
2008-02-19 00:00:00,9.480,9.280,9.490,9.490,17670,16692270.00
2008-02-20 00:00:00,9.880,9.500,9.880,9.600,37252,36093020.00
2008-02-21 00:00:00,9.600,9.260,9.680,9.570,19958,18886190.00
2008-02-22 00:00:00,9.540,9.090,9.680,9.190,16354,15335260.00
2008-02-25 00:00:00,9.000,8.730,9.150,8.730,16700,14722730.00
2008-02-26 00:00:00,8.820,8.350,8.980,8.650,13499,11684420.00
2008-02-27 00:00:00,8.670,8.630,9.080,9.080,15545,13949430.00
2008-02-28 00:00:00,9.250,9.020,9.390,9.190,17618,16227660.00
2008-02-29 00:00:00,9.650,9.060,9.650,9.180,14541,13424010.00
2008-03-03 00:00:00,9.020,8.900,9.450,9.400,20902,19173930.00
2008-03-04 00:00:00,9.400,9.160,9.480,9.170,19372,17993740.00
2008-03-05 00:00:00,9.060,8.710,9.170,8.780,22304,19705840.00
2008-03-06 00:00:00,8.830,8.510,9.100,8.920,17895,15913470.00
2008-03-07 00:00:00,8.850,8.680,8.980,8.800,11357,9992501.00
2008-03-10 00:00:00,8.410,8.360,8.480,8.360,17533,14687980.00
2008-03-11 00:00:00,7.940,7.940,8.200,7.940,50840,40520900.00
2008-03-12 00:00:00,8.050,7.590,8.160,7.640,43525,34609020.00
2008-03-13 00:00:00,7.610,7.260,7.940,7.400,64403,48305720.00
2008-03-14 00:00:00,7.430,7.080,7.770,7.670,36360,27128150.00
2008-03-17 00:00:00,7.450,7.300,7.840,7.370,27883,21152130.00
2008-03-18 00:00:00,7.130,7.000,7.370,7.000,19851,14060500.00
2008-03-20 00:00:00,6.650,6.650,7.260,7.180,25854,17698510.00
2008-03-21 00:00:00,7.190,7.060,7.250,7.200,14417,10327060.00
2008-03-24 00:00:00,7.260,7.150,7.440,7.170,16916,12301760.00
2008-03-25 00:00:00,7.180,7.110,7.280,7.200,12378,8908760.00
2008-03-26 00:00:00,7.300,7.120,7.360,7.180,8616,6235638.00
2008-03-27 00:00:00,7.060,7.010,7.250,7.060,15495,11068200.00
2008-03-31 00:00:00,7.110,6.910,7.360,7.300,16605,12045880.00
2008-04-01 00:00:00,7.280,7.150,7.670,7.260,55522,41631500.00
2008-04-02 00:00:00,7.100,6.900,7.410,6.900,34527,24287130.00
2008-04-03 00:00:00,6.700,6.560,6.740,6.560,23820,15649790.00
2008-04-07 00:00:00,6.530,6.320,6.890,6.890,8501,5770905.00
2008-06-25 00:00:00,7.230,6.550,7.230,6.710,45686,30504550.00
2008-06-26 00:00:00,6.580,6.370,6.580,6.370,41428,26501720.00
2008-06-27 00:00:00,6.110,6.050,6.150,6.050,8003,4849538.00
2008-06-30 00:00:00,5.750,5.750,6.000,5.750,6947,4005669.00
2008-07-01 00:00:00,5.460,5.460,5.560,5.460,25186,13763730.00
2008-07-02 00:00:00,5.210,5.190,5.570,5.520,29952,15914330.00
2008-07-03 00:00:00,5.480,5.280,5.720,5.600,25082,13801810.00
2008-07-04 00:00:00,5.560,5.550,5.880,5.570,22627,12974140.00
2008-07-07 00:00:00,5.520,5.510,5.850,5.800,18272,10474710.00
2008-07-08 00:00:00,5.790,5.600,5.870,5.800,12368,7102435.00
2008-07-09 00:00:00,5.810,5.760,6.090,6.050,20886,12434680.00
2008-07-10 00:00:00,5.880,5.880,6.170,5.960,14707,8871559.00
2008-07-11 00:00:00,5.960,5.900,6.260,6.260,44983,28072380.00
2008-07-14 00:00:00,6.370,6.240,6.560,6.260,22915,14570760.00
2008-07-15 00:00:00,6.280,5.990,6.300,6.000,14118,8641154.00
2008-07-16 00:00:00,5.960,5.700,5.980,5.700,12372,7182372.00
2008-07-17 00:00:00,5.810,5.650,5.900,5.750,5990,3454942.00
2008-07-18 00:00:00,5.700,5.550,5.870,5.860,4978,2847324.00
2008-07-21 00:00:00,5.810,5.810,6.150,6.140,13337,8166047.00
2008-07-22 00:00:00,6.100,6.050,6.320,6.150,9477,5855668.00
2008-07-23 00:00:00,6.260,6.100,6.260,6.140,6215,3831601.00
2008-07-24 00:00:00,6.210,6.120,6.310,6.230,4702,2922795.00
2008-07-25 00:00:00,6.180,6.100,6.200,6.110,5787,3560406.00
2008-07-28 00:00:00,6.150,6.120,6.410,6.230,9287,5881086.00
2008-07-29 00:00:00,6.180,6.130,6.270,6.240,7354,4556338.00
2008-07-30 00:00:00,6.310,6.220,6.530,6.360,9687,6174271.00
2008-07-31 00:00:00,6.300,6.200,6.370,6.230,7590,4745204.00
2008-08-01 00:00:00,6.200,6.200,6.540,6.540,27792,17974610.00
2008-08-04 00:00:00,6.540,6.210,6.540,6.210,23590,14998550.00
2008-08-05 00:00:00,6.210,6.000,6.380,6.080,6727,4113798.00
2008-08-06 00:00:00,6.080,5.970,6.190,6.100,6092,3709167.00
2008-08-07 00:00:00,6.100,6.020,6.220,6.140,7161,4406883.00
2008-08-08 00:00:00,6.190,5.830,6.190,5.930,11977,7143013.00
2008-08-11 00:00:00,5.960,5.630,5.990,5.770,14383,8270388.00
2008-08-12 00:00:00,5.520,5.480,5.770,5.480,17060,9442812.00
2008-08-13 00:00:00,5.390,5.210,5.550,5.330,9223,4849549.00
2008-08-14 00:00:00,5.380,5.230,5.390,5.310,2223,1180642.00
2008-08-15 00:00:00,5.280,5.250,5.480,5.390,2898,1565195.00
2008-08-18 00:00:00,5.480,5.120,5.480,5.120,2895,1514136.00
2008-08-19 00:00:00,4.880,4.860,5.130,5.070,5090,2504596.00
2008-08-20 00:00:00,5.000,4.870,5.320,5.320,5321,2776162.00
2008-08-21 00:00:00,5.220,5.050,5.320,5.050,5498,2847133.00
2008-08-22 00:00:00,5.140,4.900,5.140,5.060,3347,1668388.00
2008-08-25 00:00:00,5.090,4.960,5.150,5.080,2901,1474166.00
2008-08-26 00:00:00,5.120,4.830,5.120,4.830,2873,1402067.00
2008-08-27 00:00:00,4.800,4.590,4.930,4.700,6179,2895958.00
2008-08-28 00:00:00,4.600,4.520,4.790,4.730,2986,1389911.00
2008-08-29 00:00:00,4.680,4.650,4.900,4.800,3835,1831121.00
2008-09-01 00:00:00,4.810,4.560,4.810,4.560,2596,1199197.00
2008-09-02 00:00:00,4.450,4.330,4.560,4.450,9235,4037419.00
2008-09-03 00:00:00,4.460,4.230,4.460,4.380,8959,3823311.00
2008-09-04 00:00:00,4.380,4.210,4.550,4.350,3209,1385089.00
2008-09-05 00:00:00,4.200,4.130,4.230,4.130,7748,3211820.00
2008-09-08 00:00:00,4.000,3.920,4.130,3.920,6955,2755838.00
2008-09-09 00:00:00,3.770,3.720,3.800,3.720,8590,3206174.00
2008-09-10 00:00:00,3.750,3.530,3.820,3.690,9080,3313586.00
2008-09-11 00:00:00,3.600,3.510,3.600,3.510,4402,1547737.00
2008-09-12 00:00:00,3.610,3.610,3.690,3.690,3135,1151351.00
2008-09-16 00:00:00,3.870,3.710,3.870,3.870,18119,6979559.00
2008-09-17 00:00:00,3.900,3.680,3.920,3.750,10933,4102238.00
2008-09-18 00:00:00,3.570,3.560,3.700,3.640,4648,1665118.00
2008-09-19 00:00:00,3.820,3.820,3.820,3.820,1572,600488.00
2008-09-22 00:00:00,4.010,3.860,4.010,4.010,22271,8926108.00
2008-09-23 00:00:00,3.990,3.840,4.000,3.970,12545,4879277.00
2008-09-24 00:00:00,3.980,3.850,4.050,4.040,7806,3115915.00
2008-09-25 00:00:00,4.130,3.900,4.130,4.000,12622,5078403.00
2008-09-26 00:00:00,3.990,3.900,3.990,3.970,3872,1523549.00
2008-10-06 00:00:00,3.880,3.770,3.990,3.880,6165,2370973.00
2008-10-07 00:00:00,3.760,3.690,3.830,3.820,4661,1744451.00
2008-10-08 00:00:00,3.660,3.640,3.780,3.710,2458,912432.00
2008-10-09 00:00:00,3.800,3.660,3.830,3.700,2951,1111329.00
2008-10-10 00:00:00,3.680,3.520,3.700,3.520,9162,3230020.00
2008-10-13 00:00:00,3.360,3.340,3.700,3.340,11600,3900060.00
2008-10-14 00:00:00,3.360,3.170,3.400,3.170,58830,18709220.00
2008-10-16 00:00:00,3.010,3.010,3.050,3.010,16003,4821031.00
2008-10-17 00:00:00,2.990,2.860,2.990,2.860,10798,3095391.00
2008-10-20 00:00:00,2.830,2.720,3.000,2.900,13493,3856709.00
2008-10-21 00:00:00,2.960,2.880,2.960,2.910,6116,1782813.00
2008-10-22 00:00:00,2.940,2.870,3.060,2.910,11806,3510100.00
2008-10-23 00:00:00,2.920,2.800,2.940,2.870,7009,2008616.00
2008-10-24 00:00:00,2.840,2.840,2.920,2.880,2952,848952.00
2008-10-27 00:00:00,2.800,2.740,2.810,2.740,5147,1414101.00
2008-10-28 00:00:00,2.710,2.600,2.760,2.740,19957,5261660.00
2008-10-29 00:00:00,2.800,2.600,2.830,2.600,4270,1131729.00
2008-10-30 00:00:00,2.650,2.520,2.670,2.650,5802,1500136.00
2008-10-31 00:00:00,2.680,2.520,2.680,2.600,10830,2759604.00
2008-11-03 00:00:00,2.580,2.520,2.660,2.540,2174,558145.00
2008-11-04 00:00:00,2.530,2.480,2.580,2.550,2289,574590.00
2008-11-05 00:00:00,2.500,2.500,2.620,2.540,11404,2904699.00
2008-11-06 00:00:00,2.480,2.410,2.480,2.410,11384,2764762.00
2008-11-07 00:00:00,2.300,2.300,2.410,2.360,2624,619402.00
2008-11-10 00:00:00,2.420,2.400,2.480,2.480,13575,3338662.00
2008-11-11 00:00:00,2.480,2.450,2.600,2.530,16244,4134610.00
2008-11-12 00:00:00,2.460,2.450,2.590,2.580,7745,1971885.00
2008-11-13 00:00:00,2.540,2.530,2.690,2.660,21203,5601232.00
2008-11-14 00:00:00,2.530,2.530,2.780,2.760,118016,30602640.00
2008-11-17 00:00:00,2.660,2.620,2.890,2.850,62897,17106350.00
2008-11-18 00:00:00,2.780,2.710,2.850,2.710,27850,7657954.00
2008-11-19 00:00:00,2.600,2.570,2.720,2.680,53696,14100960.00
2008-11-20 00:00:00,2.590,2.550,2.620,2.550,41803,10744540.00
2008-11-21 00:00:00,2.450,2.420,2.550,2.450,37035,9057439.00
2008-11-24 00:00:00,2.480,2.420,2.500,2.430,21013,5170369.00
2008-11-25 00:00:00,2.450,2.310,2.470,2.350,19894,4733465.00
2008-11-26 00:00:00,2.310,2.310,2.470,2.460,29079,7057636.00
2008-11-27 00:00:00,2.530,2.420,2.560,2.430,29086,7251542.00
2008-11-28 00:00:00,2.430,2.310,2.440,2.310,27171,6349008.00
2008-12-01 00:00:00,2.300,2.200,2.310,2.310,23875,5374503.00
2008-12-02 00:00:00,2.220,2.220,2.390,2.360,22015,5128247.00
2008-12-03 00:00:00,2.360,2.360,2.480,2.480,37417,9164329.00
2008-12-04 00:00:00,2.520,2.500,2.600,2.530,53006,13621350.00
2008-12-05 00:00:00,2.520,2.500,2.640,2.610,36052,9264807.00
2008-12-08 00:00:00,2.630,2.610,2.740,2.740,48485,13188410.00
2008-12-09 00:00:00,2.800,2.610,2.870,2.750,48929,13558140.00
2008-12-10 00:00:00,2.790,2.720,2.890,2.890,45050,12843660.00
2008-12-11 00:00:00,2.890,2.890,3.030,3.030,77668,23441740.00
2008-12-12 00:00:00,3.100,2.880,3.100,2.880,62654,18213570.00
2008-12-15 00:00:00,2.850,2.740,2.860,2.740,41283,11346780.00
2008-12-16 00:00:00,2.680,2.630,2.860,2.860,24005,6640434.00
2008-12-17 00:00:00,2.830,2.810,2.940,2.870,24523,7068806.00
2008-12-18 00:00:00,2.860,2.850,3.000,2.980,26174,7712857.00
2008-12-19 00:00:00,3.000,2.940,3.040,2.940,22503,6718071.00
2008-12-22 00:00:00,2.940,2.870,3.090,3.090,47083,14211960.00
2008-12-23 00:00:00,3.130,3.050,3.240,3.070,81647,26033640.00
2008-12-24 00:00:00,2.980,2.920,3.030,2.920,37576,10999790.00
2008-12-25 00:00:00,2.830,2.790,2.980,2.920,21096,6134770.00
2008-12-26 00:00:00,2.910,2.880,3.070,3.070,60537,18449710.00
2008-12-29 00:00:00,3.070,2.920,3.100,2.940,27081,8044425.00
2008-12-30 00:00:00,2.940,2.790,2.950,2.790,26068,7392756.00
2008-12-31 00:00:00,2.760,2.730,2.910,2.890,19565,5620679.00
2009-01-05 00:00:00,2.880,2.830,2.960,2.900,14889,4309278.00
2009-01-06 00:00:00,2.880,2.880,3.020,3.010,17131,5044872.00
2009-01-07 00:00:00,3.000,2.940,3.070,2.950,17338,5182167.00
2009-01-08 00:00:00,3.080,3.020,3.100,3.100,69098,21389540.00
2009-01-09 00:00:00,3.080,3.030,3.150,3.070,50843,15639100.00
2009-01-12 00:00:00,3.050,2.990,3.220,3.190,37962,11723380.00
2009-01-13 00:00:00,3.100,3.070,3.250,3.120,25168,7913918.00
2009-01-14 00:00:00,3.100,3.020,3.190,3.160,22682,7057229.00
2009-01-15 00:00:00,3.120,3.080,3.190,3.160,17449,5502454.00
2009-01-16 00:00:00,3.170,3.160,3.310,3.240,20526,6641615.00
2009-01-19 00:00:00,3.210,3.160,3.270,3.190,14955,4801425.00
2009-01-20 00:00:00,3.170,3.040,3.190,3.110,31356,9648209.00
2009-01-21 00:00:00,3.070,3.010,3.150,3.100,32158,9969381.00
2009-01-22 00:00:00,3.140,3.080,3.200,3.190,40639,12808960.00
2009-01-23 00:00:00,3.170,3.130,3.240,3.160,30955,9878351.00
2009-02-02 00:00:00,3.160,3.160,3.320,3.320,22693,7481691.00
2009-02-03 00:00:00,3.420,3.400,3.490,3.490,10565,3665271.00
2009-02-04 00:00:00,3.660,3.510,3.660,3.530,75899,27350540.00
2009-02-05 00:00:00,3.540,3.540,3.710,3.710,66941,24543010.00
2009-02-06 00:00:00,3.650,3.650,3.890,3.890,42861,16376230.00
2009-02-09 00:00:00,3.800,3.780,4.030,4.010,70187,27373200.00
2009-02-10 00:00:00,3.970,3.880,4.120,4.090,70897,28399440.00
2009-02-11 00:00:00,4.080,4.020,4.280,4.160,61692,25525940.00
2009-02-12 00:00:00,4.190,3.950,4.250,4.170,44923,18347720.00
2009-02-13 00:00:00,4.200,4.040,4.220,4.180,61537,25395480.00
2009-02-16 00:00:00,4.200,4.060,4.390,4.370,84322,35478890.00
2009-02-17 00:00:00,4.280,4.270,4.590,4.440,76654,34294930.00
2009-02-18 00:00:00,4.440,4.220,4.640,4.360,68437,30293720.00
2009-02-19 00:00:00,4.360,4.140,4.460,4.140,55257,23136790.00
2009-02-20 00:00:00,4.080,4.000,4.350,4.350,31555,13348230.00
2009-02-23 00:00:00,4.350,4.240,4.530,4.430,51937,22853580.00
2009-02-24 00:00:00,4.430,4.210,4.430,4.210,74952,31923860.00
2009-02-25 00:00:00,4.250,4.000,4.250,4.060,57836,23292380.00
2009-02-26 00:00:00,4.010,3.860,4.040,3.860,38618,15236120.00
2009-02-27 00:00:00,3.680,3.670,3.770,3.670,17208,6320257.00
2009-03-02 00:00:00,3.490,3.490,3.650,3.570,27806,9851221.00
2009-03-03 00:00:00,3.500,3.410,3.690,3.600,21517,7746149.00
2009-03-04 00:00:00,3.630,3.530,3.780,3.780,17578,6543162.00
2009-03-05 00:00:00,3.810,3.810,3.970,3.900,50408,19820090.00
2009-03-06 00:00:00,3.860,3.730,3.950,3.930,21337,8266755.00
2009-03-09 00:00:00,3.880,3.820,4.000,3.900,22183,8699981.00
2009-03-10 00:00:00,3.830,3.710,3.860,3.830,18122,6815398.00
2009-03-11 00:00:00,3.880,3.740,3.920,3.820,13608,5243467.00
2009-03-12 00:00:00,3.810,3.720,3.870,3.800,11584,4364864.00
2009-03-13 00:00:00,3.800,3.760,3.990,3.990,27944,10967570.00
2009-03-16 00:00:00,4.060,3.980,4.190,4.190,46683,19325000.00
2009-03-17 00:00:00,4.200,4.140,4.270,4.230,39115,16434320.00
2009-03-18 00:00:00,4.230,4.200,4.320,4.260,19967,8523284.00
2009-03-19 00:00:00,4.230,4.230,4.470,4.470,44228,19583210.00
2009-03-20 00:00:00,4.510,4.300,4.620,4.370,27831,12317720.00
2009-03-23 00:00:00,4.260,4.200,4.410,4.400,35759,15462170.00
2009-03-24 00:00:00,4.430,4.350,4.620,4.590,34057,15283140.00
2009-03-25 00:00:00,4.560,4.450,4.760,4.470,35941,16628880.00
2009-03-26 00:00:00,4.420,4.300,4.650,4.580,29754,13440580.00
2009-03-30 00:00:00,4.700,4.700,4.810,4.810,71759,34479080.00
2009-03-31 00:00:00,4.700,4.570,4.910,4.900,72255,34710070.00
2009-04-01 00:00:00,4.880,4.800,4.950,4.860,39742,19356040.00
2009-04-02 00:00:00,4.800,4.760,4.950,4.840,27888,13588930.00
2009-04-03 00:00:00,4.850,4.600,4.900,4.620,40439,19108740.00
2009-04-07 00:00:00,4.570,4.470,4.650,4.560,30985,14057210.00
2009-04-08 00:00:00,4.560,4.400,4.660,4.410,34501,15676560.00
2009-04-09 00:00:00,4.430,4.390,4.600,4.600,21773,9827182.00
2009-04-10 00:00:00,4.600,4.600,4.830,4.830,31793,15103400.00
2009-04-13 00:00:00,4.850,4.850,5.070,5.070,15164,7646360.00
2009-04-14 00:00:00,5.290,5.080,5.290,5.160,69451,36031210.00
2009-04-15 00:00:00,5.020,5.020,5.420,5.420,48941,26365080.00
2009-04-16 00:00:00,5.510,5.400,5.690,5.520,57636,31938560.00
2009-04-17 00:00:00,5.520,5.240,5.560,5.260,41820,22258480.00
2009-04-20 00:00:00,5.200,5.200,5.520,5.520,38835,21174420.00
2009-04-21 00:00:00,5.630,5.560,5.800,5.800,73296,42312650.00
2009-04-22 00:00:00,5.800,5.510,5.930,5.510,70101,39744930.00
2009-04-23 00:00:00,5.400,5.230,5.490,5.340,40547,21579210.00
2009-04-24 00:00:00,5.300,5.300,5.610,5.610,60887,34071930.00
2009-04-27 00:00:00,5.600,5.330,5.620,5.330,54182,29218250.00
2009-04-28 00:00:00,5.280,5.060,5.280,5.090,34254,17562910.00
2009-04-29 00:00:00,5.090,5.090,5.340,5.340,31009,16363330.00
2009-04-30 00:00:00,5.200,5.200,5.590,5.490,34910,19152740.00
2009-05-04 00:00:00,5.410,5.410,5.760,5.760,53544,30740890.00
2009-05-05 00:00:00,5.770,5.690,6.010,5.700,67357,39238720.00
2009-05-06 00:00:00,5.690,5.650,5.990,5.990,76207,45411700.00
2009-05-07 00:00:00,5.990,5.830,6.180,6.120,67630,40741160.00
2009-05-08 00:00:00,6.120,6.000,6.300,6.130,39812,24561310.00
2009-05-11 00:00:00,6.130,5.850,6.190,5.980,49590,29825960.00
2009-05-12 00:00:00,5.900,5.800,6.190,6.140,37666,22856280.00
2009-05-13 00:00:00,6.010,6.010,6.230,6.090,27039,16571730.00
2009-05-14 00:00:00,6.080,5.930,6.080,5.960,31826,19003050.00
2009-05-15 00:00:00,5.910,5.910,6.060,5.980,17292,10313550.00
2009-05-18 00:00:00,6.000,5.950,6.280,6.280,48020,29795710.00
2009-05-19 00:00:00,6.370,6.300,6.590,6.420,40428,26188440.00
2009-05-20 00:00:00,6.380,6.300,6.600,6.340,22023,14064580.00
2009-05-22 00:00:00,6.020,6.020,6.210,6.040,34032,20739030.00
2009-05-25 00:00:00,5.930,5.740,5.930,5.850,47378,27416000.00
2009-05-26 00:00:00,5.790,5.790,6.090,5.930,22969,13679160.00
2009-05-27 00:00:00,5.930,5.930,6.070,5.980,16201,9712354.00
2009-06-01 00:00:00,5.990,5.940,6.100,5.980,25109,15136770.00
2009-06-02 00:00:00,6.000,5.800,6.070,5.880,34074,20117940.00
2009-06-03 00:00:00,5.870,5.710,5.990,5.960,37660,22183400.00
2009-06-04 00:00:00,5.980,5.760,6.000,5.900,26744,15675980.00
2009-06-05 00:00:00,5.910,5.820,5.950,5.890,34459,20269590.00
2009-06-08 00:00:00,5.900,5.830,6.180,6.180,62129,38023500.00
2009-06-09 00:00:00,6.180,6.150,6.470,6.330,85648,54329380.00
2009-06-10 00:00:00,6.350,6.300,6.550,6.370,46697,29923020.00
2009-06-11 00:00:00,6.390,6.350,6.530,6.380,44123,28409330.00
2009-06-12 00:00:00,6.390,6.380,6.690,6.480,63687,41567160.00
2009-06-15 00:00:00,6.500,6.440,6.780,6.550,32303,21308930.00
2009-06-16 00:00:00,6.540,6.260,6.660,6.330,45485,29078310.00
2009-06-17 00:00:00,6.330,6.210,6.410,6.340,27952,17611810.00
2009-06-18 00:00:00,6.360,6.240,6.360,6.280,24947,15649770.00
2009-06-19 00:00:00,6.280,6.230,6.340,6.280,25352,15893730.00
2009-06-22 00:00:00,6.310,6.270,6.580,6.490,38049,24513690.00
2009-06-23 00:00:00,6.410,6.340,6.570,6.460,25435,16473040.00
2009-06-24 00:00:00,6.500,6.280,6.500,6.360,28431,18082190.00
2009-06-25 00:00:00,6.310,6.230,6.410,6.310,32804,20676340.00
2009-06-26 00:00:00,6.310,6.200,6.630,6.630,75147,48679630.00
2009-06-29 00:00:00,6.630,6.580,6.770,6.670,42935,28575780.00
2009-06-30 00:00:00,6.710,6.540,6.710,6.570,25778,17017500.00
2009-07-01 00:00:00,6.570,6.500,6.630,6.550,18093,11825230.00
2009-07-02 00:00:00,6.550,6.500,6.860,6.690,34735,23338620.00
2009-07-03 00:00:00,6.600,6.600,6.970,6.890,45519,31014300.00
2009-07-06 00:00:00,6.990,6.680,7.000,6.840,36505,24910310.00
2009-07-07 00:00:00,6.800,6.680,7.090,6.960,47119,32546060.00
2009-07-08 00:00:00,6.930,6.800,7.000,6.930,35867,24722340.00
2009-07-09 00:00:00,6.860,6.860,7.080,6.960,34432,24058700.00
2009-07-10 00:00:00,6.960,6.850,7.000,6.880,36874,25466330.00
2009-07-13 00:00:00,6.820,6.710,6.940,6.850,30387,20863100.00
2009-07-14 00:00:00,6.850,6.820,7.000,6.900,29437,20332510.00
2009-07-15 00:00:00,6.830,6.820,6.920,6.900,37660,25832630.00
2009-07-16 00:00:00,6.900,6.870,7.150,7.040,57730,40566170.00
2009-07-17 00:00:00,7.040,7.000,7.300,7.160,39685,28481900.00
2009-07-20 00:00:00,7.170,7.120,7.250,7.180,27135,19450400.00
2009-07-21 00:00:00,7.190,6.820,7.220,6.840,64181,44682320.00
2009-07-22 00:00:00,6.840,6.750,6.970,6.910,36938,25273710.00
2009-07-23 00:00:00,6.920,6.800,7.010,6.810,38325,26311390.00
2009-07-24 00:00:00,6.820,6.650,6.990,6.740,40413,27320770.00
2009-07-27 00:00:00,6.870,6.800,7.080,7.080,19696,13875970.00
2009-07-28 00:00:00,7.290,7.160,7.430,7.310,133759,98511050.00
2009-07-29 00:00:00,7.150,6.940,7.390,6.940,72806,51432210.00
2009-07-30 00:00:00,6.890,6.590,6.940,6.730,59471,39860920.00
2009-07-31 00:00:00,6.770,6.700,6.980,6.930,41460,28377190.00
2009-08-03 00:00:00,7.000,6.870,7.090,6.950,35911,24869420.00
2009-08-04 00:00:00,6.950,6.650,7.000,6.820,49870,33758250.00
2009-08-05 00:00:00,6.730,6.650,6.840,6.740,49975,33448460.00
2009-08-06 00:00:00,6.750,6.440,6.750,6.620,31606,20774470.00
2009-08-07 00:00:00,6.550,6.470,6.780,6.560,30349,20102120.00
2009-08-11 00:00:00,6.580,6.510,6.690,6.540,26226,17268370.00
2009-08-12 00:00:00,6.580,6.210,6.580,6.210,33197,20756810.00
2009-08-13 00:00:00,6.050,5.900,6.090,5.900,52117,30840610.00
2009-08-14 00:00:00,5.900,5.610,5.970,5.610,37508,21578850.00
2009-08-17 00:00:00,5.610,5.330,5.610,5.330,23277,12436790.00
2009-08-18 00:00:00,5.100,5.060,5.200,5.160,40041,20399850.00
2009-08-19 00:00:00,5.160,4.980,5.410,5.030,38090,19807500.00
2009-08-20 00:00:00,5.050,4.970,5.280,5.280,21763,11240050.00
2009-08-21 00:00:00,5.370,5.370,5.540,5.540,50647,27900730.00
2009-08-24 00:00:00,5.700,5.560,5.820,5.810,43006,24592440.00
2009-08-25 00:00:00,5.550,5.550,6.080,5.910,45204,26392560.00
2009-08-26 00:00:00,5.800,5.750,6.100,5.930,31542,18862540.00
2009-08-27 00:00:00,5.930,5.850,6.020,5.930,16694,9928579.00
2009-08-28 00:00:00,6.190,5.890,6.190,6.060,24492,14744680.00
2009-08-31 00:00:00,5.960,5.760,6.060,5.760,21474,12413600.00
2009-09-01 00:00:00,5.500,5.470,5.640,5.470,22465,12334080.00
2009-09-02 00:00:00,5.330,5.330,5.740,5.740,30148,17109740.00
2009-09-03 00:00:00,5.750,5.750,6.020,5.950,23300,13847390.00
2009-09-04 00:00:00,5.950,5.880,6.040,6.010,18987,11339350.00
2009-09-07 00:00:00,5.970,5.900,6.150,5.930,45765,27574830.00
2009-09-08 00:00:00,5.930,5.740,5.930,5.870,20040,11729240.00
2009-09-09 00:00:00,5.860,5.780,5.950,5.890,17619,10324960.00
2009-09-10 00:00:00,5.920,5.780,5.920,5.790,11584,6762021.00
2009-09-11 00:00:00,5.800,5.800,5.960,5.850,15185,8930411.00
2009-09-14 00:00:00,5.750,5.750,5.970,5.940,31420,18523250.00
2009-09-15 00:00:00,5.960,5.870,6.050,6.020,26134,15646180.00
2009-09-16 00:00:00,6.020,6.020,6.320,6.320,65166,40705360.00
2009-09-17 00:00:00,6.640,6.380,6.640,6.500,81552,53267530.00
2009-09-18 00:00:00,6.450,6.390,6.750,6.500,68895,45259070.00
2009-09-21 00:00:00,6.420,6.180,6.570,6.410,31656,20006690.00
2009-09-22 00:00:00,6.410,6.230,6.660,6.250,29952,19363020.00
2009-09-23 00:00:00,6.280,6.130,6.340,6.230,18316,11415530.00
2009-09-24 00:00:00,6.220,6.180,6.420,6.310,22774,14355670.00
2009-09-25 00:00:00,6.310,6.220,6.550,6.460,43653,28089340.00
2009-09-28 00:00:00,6.500,6.140,6.500,6.140,23608,14846400.00
2009-09-29 00:00:00,6.020,5.830,6.130,5.830,24157,14291790.00
2009-09-30 00:00:00,5.930,5.790,5.950,5.860,14093,8274920.00
2009-10-09 00:00:00,5.870,5.870,6.150,6.120,19656,11943290.00
2009-10-12 00:00:00,6.150,6.090,6.390,6.240,17279,10782650.00
2009-10-13 00:00:00,6.300,6.210,6.340,6.280,13251,8313201.00
2009-10-14 00:00:00,6.290,6.290,6.590,6.590,64491,42342550.00
2009-10-15 00:00:00,6.670,6.460,6.920,6.870,78994,52890900.00
2009-10-16 00:00:00,6.800,6.780,7.120,6.900,46614,32360080.00
2009-10-19 00:00:00,6.880,6.880,7.150,7.090,61263,43150340.00
2009-10-20 00:00:00,7.110,6.990,7.350,7.330,73251,52268820.00
2009-10-21 00:00:00,7.360,7.210,7.500,7.490,65510,48314360.00
2009-10-22 00:00:00,7.500,7.480,7.860,7.860,121370,94477240.00
2009-10-26 00:00:00,8.110,7.470,8.150,7.470,108587,82111900.00
2009-10-27 00:00:00,7.400,7.100,7.400,7.100,144924,103743500.00
2009-10-28 00:00:00,7.040,7.010,7.410,7.340,53820,38807400.00
2009-10-29 00:00:00,7.260,7.080,7.340,7.180,38537,27688010.00
2009-10-30 00:00:00,7.300,7.180,7.390,7.190,45032,32763660.00
2009-11-02 00:00:00,7.150,7.000,7.370,7.360,37236,26990260.00
2009-11-03 00:00:00,7.360,7.290,7.500,7.480,44068,32645480.00
2009-11-04 00:00:00,7.600,7.460,7.680,7.590,42326,32016620.00
2009-11-05 00:00:00,7.600,7.460,7.650,7.630,32003,24166420.00
2009-11-06 00:00:00,7.650,7.430,7.700,7.480,59777,44977280.00
2009-11-09 00:00:00,7.490,7.440,7.590,7.540,33412,25058540.00
2009-11-10 00:00:00,7.560,7.450,7.850,7.810,43042,32791080.00
2009-11-11 00:00:00,7.860,7.850,8.200,8.200,68799,55616480.00
2009-11-12 00:00:00,8.480,8.300,8.610,8.400,121856,103743700.00
2009-11-13 00:00:00,8.290,8.150,8.540,8.340,64880,53761280.00
2009-11-16 00:00:00,8.450,8.300,8.490,8.370,44239,37009060.00
2009-11-17 00:00:00,8.360,8.220,8.370,8.360,29598,24549490.00
2009-11-18 00:00:00,8.500,8.430,8.690,8.610,38499,33028430.00
2009-11-19 00:00:00,8.700,8.490,8.730,8.590,41203,35210170.00
2009-11-20 00:00:00,8.600,8.520,8.960,8.750,52296,45856060.00
2009-11-23 00:00:00,8.780,8.620,8.970,8.880,50024,44089430.00
2009-11-24 00:00:00,8.900,8.440,8.990,8.440,95667,83184820.00
2009-11-25 00:00:00,8.320,8.310,8.790,8.630,52304,44812100.00
2009-11-26 00:00:00,8.700,8.200,8.790,8.200,82282,69225420.00
2009-11-27 00:00:00,8.080,7.790,8.350,7.880,53914,43706460.00
2009-11-30 00:00:00,7.900,7.900,8.270,8.270,45249,37080030.00
2009-12-01 00:00:00,8.500,8.380,8.680,8.610,78215,67653220.00
2009-12-02 00:00:00,8.510,8.480,8.650,8.570,62717,53535200.00
2009-12-03 00:00:00,8.600,8.430,8.620,8.590,29806,25386820.00
2009-12-04 00:00:00,8.590,8.200,8.620,8.360,46702,39213670.00
2009-12-07 00:00:00,8.380,8.150,8.480,8.430,49703,41081390.00
2009-12-08 00:00:00,8.480,8.410,8.700,8.590,70740,60795740.00
2009-12-09 00:00:00,8.590,8.480,8.640,8.490,35857,30689240.00
2009-12-10 00:00:00,8.540,8.480,8.640,8.590,26946,23027810.00
2009-12-11 00:00:00,8.600,8.520,8.620,8.590,24056,20656210.00
2009-12-14 00:00:00,8.600,8.330,8.620,8.440,20521,17292010.00
2009-12-15 00:00:00,8.440,8.280,8.480,8.390,32528,27159090.00
2009-12-16 00:00:00,8.440,8.370,8.580,8.470,25583,21613460.00
2009-12-17 00:00:00,8.480,8.300,8.600,8.450,39665,33538130.00
2009-12-18 00:00:00,8.450,8.030,8.450,8.030,46009,37416140.00
2009-12-21 00:00:00,7.990,7.990,8.150,8.100,28324,22871490.00
2009-12-22 00:00:00,8.080,7.980,8.170,8.060,27470,22178000.00
2009-12-23 00:00:00,8.040,8.010,8.160,8.050,30358,24495440.00
2009-12-24 00:00:00,8.010,8.010,8.200,8.190,46893,38023720.00
2009-12-25 00:00:00,8.190,8.130,8.500,8.260,36348,30232890.00
2009-12-28 00:00:00,8.310,8.200,8.480,8.440,46911,38939190.00
2009-12-29 00:00:00,8.440,8.340,8.490,8.470,30437,25645570.00
2009-12-30 00:00:00,8.470,8.350,8.530,8.460,35178,29705890.00
2009-12-31 00:00:00,8.540,8.470,8.880,8.750,105852,92330900.00
2010-01-04 00:00:00,8.750,8.550,8.760,8.560,39682,34237260.00
2010-01-05 00:00:00,8.530,8.380,8.610,8.450,37136,31432270.00
2010-01-06 00:00:00,8.450,8.400,8.520,8.400,29348,24790410.00
2010-01-07 00:00:00,8.330,8.120,8.430,8.200,38479,31718970.00
2010-01-08 00:00:00,8.180,8.110,8.350,8.300,18910,15589680.00
2010-01-11 00:00:00,8.350,8.150,8.380,8.360,34741,28655430.00
2010-01-12 00:00:00,8.370,8.210,8.500,8.410,38728,32435070.00
2010-01-13 00:00:00,8.280,8.180,8.330,8.220,34060,28083910.00
2010-01-14 00:00:00,8.240,8.180,8.350,8.350,32718,27063780.00
2010-01-15 00:00:00,8.530,8.340,8.600,8.390,79053,66965490.00
2010-01-18 00:00:00,8.360,8.250,8.430,8.420,30102,25120160.00
2010-01-19 00:00:00,8.380,8.300,8.430,8.400,28465,23850390.00
2010-01-20 00:00:00,8.360,7.980,8.400,8.000,51294,41758230.00
2010-01-21 00:00:00,8.010,7.980,8.170,8.010,28146,22587300.00
2010-01-22 00:00:00,7.950,7.610,7.950,7.700,36347,28106010.00
2010-01-25 00:00:00,7.690,7.650,7.750,7.680,19504,15017690.00
2010-01-26 00:00:00,7.650,7.320,7.780,7.630,22551,16989030.00
2010-01-27 00:00:00,7.580,7.290,7.580,7.320,18507,13638930.00
2010-01-28 00:00:00,7.290,7.210,7.400,7.300,19254,14069880.00
2010-01-29 00:00:00,7.260,7.210,7.670,7.670,53133,40019430.00
2010-02-01 00:00:00,7.680,7.600,7.890,7.800,53171,41169340.00
2010-02-02 00:00:00,7.880,7.680,7.910,7.760,28626,22279150.00
2010-02-03 00:00:00,7.720,7.550,7.850,7.820,24831,19202620.00
2010-02-04 00:00:00,7.900,7.830,8.130,7.930,70828,56560220.00
2010-02-05 00:00:00,7.800,7.530,7.830,7.580,42285,32260230.00
2010-02-08 00:00:00,7.200,7.200,7.630,7.560,18740,13883960.00
2010-02-09 00:00:00,7.560,7.300,7.570,7.400,10812,8054969.00
2010-02-10 00:00:00,7.500,7.430,7.520,7.500,6192,4629263.00
2010-02-11 00:00:00,7.500,7.460,7.680,7.570,13567,10297730.00
2010-02-12 00:00:00,7.570,7.540,7.640,7.630,9681,7356421.00
2010-02-22 00:00:00,7.610,7.590,7.680,7.640,16648,12696600.00
2010-02-23 00:00:00,7.640,7.310,7.660,7.520,12190,9114535.00
2010-02-24 00:00:00,7.460,7.400,7.710,7.700,21314,16170960.00
2010-02-25 00:00:00,7.710,7.660,7.780,7.740,23356,18037620.00
2010-02-26 00:00:00,7.750,7.670,7.780,7.730,20580,15900630.00
2010-03-01 00:00:00,7.740,7.660,8.120,8.120,81953,65988030.00
2010-03-02 00:00:00,8.130,8.110,8.360,8.200,81675,67322850.00
2010-03-03 00:00:00,8.300,8.210,8.440,8.290,70619,58521520.00
2010-03-04 00:00:00,8.320,7.970,8.410,8.020,50089,40972580.00
2010-03-05 00:00:00,7.910,7.890,8.120,7.970,27483,21934350.00
2010-03-08 00:00:00,7.970,7.920,8.160,8.050,19414,15626840.00
2010-03-09 00:00:00,8.060,7.920,8.230,8.210,32591,26356130.00
2010-03-10 00:00:00,8.320,8.150,8.620,8.250,95571,80072410.00
2010-03-11 00:00:00,8.110,8.030,8.280,8.130,27114,22068180.00
2010-03-12 00:00:00,8.130,8.000,8.200,8.010,19842,16021540.00
2010-03-15 00:00:00,8.000,7.940,8.130,8.110,22392,18045200.00
2010-03-16 00:00:00,8.120,8.110,8.240,8.210,18137,14813530.00
2010-03-17 00:00:00,8.250,8.160,8.290,8.280,22864,18831590.00
2010-03-18 00:00:00,8.280,8.250,8.370,8.330,23189,19240150.00
2010-03-19 00:00:00,8.280,8.200,8.380,8.340,30222,25058800.00
2010-03-22 00:00:00,8.320,8.260,8.480,8.460,44458,37359190.00
2010-03-23 00:00:00,8.500,8.250,8.550,8.310,39649,33136430.00
2010-03-24 00:00:00,8.260,8.260,8.380,8.370,28756,23951240.00
2010-03-25 00:00:00,8.360,8.280,8.590,8.560,98946,83887350.00
2010-03-26 00:00:00,8.500,8.500,8.980,8.750,136487,120352400.00
2010-03-30 00:00:00,8.910,8.760,9.170,9.060,128203,115251500.00
2010-03-31 00:00:00,8.960,8.830,9.150,8.860,74847,67332580.00
2010-04-01 00:00:00,8.850,8.800,9.030,8.850,38776,34527670.00
2010-04-02 00:00:00,8.860,8.800,9.100,8.990,46834,42113070.00
2010-04-06 00:00:00,9.030,8.850,9.080,8.930,34974,31349060.00
2010-04-07 00:00:00,8.880,8.870,8.960,8.890,22352,19925270.00
2010-04-08 00:00:00,8.900,8.860,9.070,8.950,30951,27749020.00
2010-04-09 00:00:00,8.940,8.940,9.400,9.350,113632,106042300.00
2010-04-12 00:00:00,9.290,9.290,9.500,9.420,56663,53265410.00
2010-04-13 00:00:00,9.420,8.950,9.440,9.180,56648,52040160.00
2010-04-14 00:00:00,9.130,9.050,9.390,9.330,34179,31718600.00
2010-04-15 00:00:00,9.340,9.040,9.380,9.070,49366,45078140.00
2010-04-16 00:00:00,9.060,8.720,9.060,8.880,26938,23980980.00
2010-04-19 00:00:00,8.710,8.440,8.880,8.440,42912,37138830.00
2010-04-20 00:00:00,8.330,8.210,8.620,8.410,34473,28856430.00
2010-04-21 00:00:00,8.410,8.310,8.570,8.560,36726,31098750.00
2010-04-22 00:00:00,8.560,8.350,8.670,8.570,40163,34064190.00
2010-04-23 00:00:00,8.640,8.510,8.870,8.540,35437,30634800.00
2010-04-26 00:00:00,8.480,8.280,8.500,8.400,22670,18932580.00
2010-04-27 00:00:00,8.410,7.980,8.430,8.090,33532,27206780.00
2010-04-28 00:00:00,8.090,7.770,8.120,8.050,21040,16692200.00
2010-04-29 00:00:00,8.070,8.000,8.220,8.020,21424,17408220.00
2010-04-30 00:00:00,8.050,7.900,8.230,8.160,20198,16274600.00
2010-05-04 00:00:00,8.020,7.900,8.090,8.020,12477,9996497.00
2010-05-05 00:00:00,8.020,7.970,8.250,8.250,18971,15404000.00
2010-05-06 00:00:00,8.270,7.900,8.270,7.910,19652,15921320.00
2010-05-07 00:00:00,7.800,7.610,8.090,7.770,19710,15402930.00
2010-05-10 00:00:00,7.700,7.690,7.980,7.950,50364,39683440.00
2010-05-11 00:00:00,7.980,7.800,8.080,7.820,27762,21993650.00
2010-05-12 00:00:00,7.780,7.430,7.880,7.460,27956,21313490.00
2010-05-13 00:00:00,7.450,7.090,7.470,7.380,23362,16924580.00
2010-05-14 00:00:00,7.310,7.250,7.420,7.390,14149,10389310.00
2010-05-17 00:00:00,7.390,7.020,7.410,7.020,21209,15255160.00
2010-05-18 00:00:00,6.950,6.670,7.000,6.790,41023,27602440.00
2010-05-19 00:00:00,6.740,6.450,6.740,6.520,23860,15591880.00
2010-05-20 00:00:00,6.690,6.190,6.700,6.190,21152,13460460.00
2010-05-21 00:00:00,5.910,5.880,6.140,6.120,37869,22617880.00
2010-05-24 00:00:00,6.160,6.150,6.430,6.430,32005,20360830.00
2010-05-25 00:00:00,6.460,6.350,6.490,6.460,28964,18615940.00
2010-05-26 00:00:00,6.430,6.400,6.550,6.480,17774,11525390.00
2010-05-27 00:00:00,6.500,6.330,6.580,6.550,26372,17081850.00
2010-05-28 00:00:00,6.620,6.530,6.870,6.810,29183,19683070.00
2010-05-31 00:00:00,6.700,6.520,6.860,6.560,26110,17464040.00
2010-06-01 00:00:00,6.560,6.230,6.560,6.450,30312,19208450.00
2010-06-02 00:00:00,6.400,6.330,6.550,6.510,16480,10655400.00
2010-06-03 00:00:00,6.510,6.510,6.640,6.540,16062,10564160.00
2010-06-04 00:00:00,6.540,6.400,6.570,6.530,8828,5736892.00
2010-06-07 00:00:00,6.450,6.200,6.450,6.290,13531,8518293.00
2010-06-08 00:00:00,6.250,6.250,6.370,6.330,8139,5143682.00
2010-06-09 00:00:00,6.380,6.330,6.600,6.570,12346,7974075.00
2010-06-10 00:00:00,6.560,6.300,6.700,6.620,14803,9800480.00
2010-06-11 00:00:00,6.710,6.520,6.710,6.640,12376,8186804.00
2010-06-17 00:00:00,6.720,6.550,6.730,6.590,9578,6328330.00
2010-06-18 00:00:00,6.520,6.260,6.580,6.320,14026,8935388.00
2010-06-21 00:00:00,6.130,6.130,6.460,6.440,8212,5218401.00
2010-06-22 00:00:00,6.440,6.370,6.570,6.530,13890,8964042.00
2010-06-23 00:00:00,6.530,6.360,6.550,6.490,23536,15210540.00
2010-06-24 00:00:00,6.420,6.420,6.510,6.460,8395,5419666.00
2010-06-25 00:00:00,6.400,6.390,6.520,6.510,9743,6272675.00
2010-06-28 00:00:00,6.500,6.440,6.540,6.510,11393,7401944.00
2010-06-30 00:00:00,6.180,6.180,6.210,6.180,7222,4464965.00
2010-07-01 00:00:00,6.000,5.870,6.240,5.870,21764,12903740.00
2010-07-02 00:00:00,5.870,5.580,5.870,5.700,19491,10988790.00
2010-07-05 00:00:00,5.750,5.480,5.750,5.520,6116,3397651.00
2010-07-06 00:00:00,5.600,5.520,5.800,5.800,21651,12492870.00
2010-07-07 00:00:00,5.800,5.800,5.980,5.980,28674,16968730.00
2010-07-08 00:00:00,6.020,5.810,6.030,5.880,9608,5666663.00
2010-07-09 00:00:00,5.810,5.810,6.010,6.000,12533,7468294.00
2010-07-12 00:00:00,6.000,5.960,6.140,6.130,14297,8641547.00
2010-07-13 00:00:00,6.080,5.950,6.080,6.010,9298,5570952.00
2010-07-14 00:00:00,6.010,5.960,6.110,6.020,9558,5768824.00
2010-07-15 00:00:00,5.960,5.900,6.040,5.910,4768,2846946.00
2010-07-16 00:00:00,5.890,5.700,5.890,5.880,7339,4254122.00
2010-07-19 00:00:00,5.900,5.880,6.050,6.020,8077,4844715.00
2010-07-20 00:00:00,6.000,6.000,6.140,6.120,13238,8067376.00
2010-07-21 00:00:00,6.120,6.110,6.260,6.200,17949,11105720.00
2010-07-22 00:00:00,6.180,6.140,6.290,6.280,13530,8435086.00
2010-07-23 00:00:00,6.290,6.200,6.320,6.270,13340,8339659.00
2010-07-26 00:00:00,6.260,6.220,6.300,6.300,10796,6769617.00
2010-07-27 00:00:00,6.310,6.250,6.320,6.280,11886,7459661.00
2010-07-28 00:00:00,6.210,6.190,6.500,6.420,45705,28754550.00
2010-07-29 00:00:00,6.400,6.340,6.460,6.410,24652,15737070.00
2010-07-30 00:00:00,6.410,6.360,6.580,6.560,23550,15246390.00
2010-08-02 00:00:00,6.580,6.530,6.890,6.890,56728,38503830.00
2010-08-03 00:00:00,6.890,6.730,6.980,6.740,37660,25742020.00
2010-08-04 00:00:00,6.630,6.630,6.990,6.960,44551,30489730.00
2010-08-05 00:00:00,6.980,6.850,7.030,6.880,24543,17054800.00
2010-08-06 00:00:00,6.910,6.770,6.950,6.920,27018,18550280.00
2010-08-09 00:00:00,6.920,6.890,7.150,7.090,20564,14502750.00
2010-08-10 00:00:00,7.080,6.790,7.110,6.790,22193,15388580.00
2010-08-11 00:00:00,6.740,6.710,6.890,6.820,12174,8266331.00
2010-08-12 00:00:00,6.730,6.590,6.820,6.700,17534,11783610.00
2010-08-13 00:00:00,6.710,6.640,6.830,6.800,10575,7138117.00
2010-08-16 00:00:00,6.790,6.790,6.930,6.910,17625,12108040.00
2010-08-17 00:00:00,6.950,6.860,7.030,6.950,25465,17706320.00
2010-08-18 00:00:00,6.950,6.790,6.980,6.880,23186,15970590.00
2010-08-19 00:00:00,6.880,6.790,6.930,6.870,33366,22890820.00
2010-08-20 00:00:00,6.870,6.660,6.870,6.730,19122,12900000.00
2010-08-23 00:00:00,6.720,6.700,6.830,6.780,10750,7291880.00
2010-08-24 00:00:00,6.750,6.730,6.940,6.930,20240,13919680.00
2010-08-25 00:00:00,6.900,6.870,7.010,6.890,21352,14816080.00
2010-08-26 00:00:00,6.900,6.900,7.040,7.030,21581,15022840.00
2010-08-27 00:00:00,7.000,6.970,7.380,7.220,35657,25797450.00
2010-08-30 00:00:00,7.210,7.210,7.370,7.280,18909,13792000.00
2010-08-31 00:00:00,7.230,7.030,7.300,7.110,20903,14934030.00
2010-09-01 00:00:00,7.110,6.900,7.180,7.020,21508,15124430.00
2010-09-02 00:00:00,7.020,6.970,7.090,7.000,25678,18029760.00
2010-09-03 00:00:00,7.000,6.950,7.070,7.030,18651,13079170.00
2010-09-06 00:00:00,7.000,6.990,7.090,7.000,17436,12261830.00
2010-09-07 00:00:00,7.010,7.000,7.100,7.090,17945,12638540.00
2010-09-08 00:00:00,7.100,7.010,7.230,7.140,17225,12305800.00
2010-09-09 00:00:00,7.120,6.990,7.230,7.020,23184,16448130.00
2010-09-10 00:00:00,7.020,6.910,7.060,7.040,17780,12432820.00
2010-09-13 00:00:00,7.030,7.030,7.340,7.310,42900,31063310.00
2010-09-14 00:00:00,7.300,7.210,7.370,7.290,20218,14699130.00
2010-09-15 00:00:00,7.300,7.160,7.350,7.200,20866,15144560.00
2010-09-16 00:00:00,7.290,6.840,7.290,6.840,27411,19108220.00
2010-09-17 00:00:00,6.840,6.660,6.890,6.700,31328,21106740.00
2010-09-20 00:00:00,6.710,6.560,6.770,6.690,10516,7017557.00
2010-09-21 00:00:00,6.700,6.650,6.830,6.800,9231,6235754.00
2010-09-27 00:00:00,6.820,6.780,6.940,6.900,14703,10104070.00
2010-09-28 00:00:00,6.920,6.670,6.920,6.800,18025,12290870.00
2010-09-29 00:00:00,6.840,6.600,6.840,6.740,22043,14814580.00
2010-09-30 00:00:00,6.700,6.640,6.820,6.800,20412,13789650.00
2010-10-08 00:00:00,6.840,6.830,6.990,6.960,22118,15330610.00
2010-10-11 00:00:00,7.000,6.960,7.100,7.060,25021,17652340.00
2010-10-12 00:00:00,7.040,7.040,7.300,7.270,29334,21095720.00
2010-10-13 00:00:00,7.270,7.220,7.380,7.350,36572,26683500.00
2010-10-14 00:00:00,7.370,7.060,7.440,7.100,40774,29515690.00
2010-10-15 00:00:00,7.070,6.920,7.110,7.100,28523,20006740.00
2010-10-18 00:00:00,7.100,6.780,7.110,6.860,24444,16795630.00
2010-10-19 00:00:00,6.870,6.700,7.040,7.030,16651,11491190.00
2010-10-20 00:00:00,6.970,6.760,7.020,6.950,24835,17194320.00
2010-10-21 00:00:00,6.980,6.900,7.180,7.130,27564,19405970.00
2010-10-22 00:00:00,7.160,7.060,7.490,7.490,63507,46671980.00
2010-10-25 00:00:00,7.680,7.480,7.860,7.860,114242,88438840.00
2010-10-26 00:00:00,7.840,7.590,7.840,7.690,64300,49411280.00
2010-10-27 00:00:00,7.660,7.530,7.730,7.720,27389,20923500.00
2010-10-28 00:00:00,7.700,7.560,7.710,7.600,24138,18343240.00
2010-10-29 00:00:00,7.650,7.510,7.650,7.590,23532,17802660.00
2010-11-01 00:00:00,7.600,7.580,7.720,7.610,39865,30424370.00
2010-11-02 00:00:00,7.650,7.400,7.650,7.560,29691,22454290.00
2010-11-03 00:00:00,7.580,7.580,7.940,7.790,63851,50150820.00
2010-11-04 00:00:00,7.800,7.690,8.080,7.890,51995,40966730.00
2010-11-05 00:00:00,7.810,7.810,8.060,7.890,27946,22145900.00
2010-11-08 00:00:00,7.850,7.850,8.010,8.000,39343,31235800.00
2010-11-09 00:00:00,8.050,8.000,8.380,8.100,40505,33132530.00
2010-11-10 00:00:00,8.090,7.860,8.160,7.940,28773,23012990.00
2010-11-11 00:00:00,7.940,7.780,8.070,7.820,31451,24998610.00
2010-11-12 00:00:00,7.750,7.430,7.870,7.430,28255,21430410.00
2010-11-15 00:00:00,7.370,7.070,7.520,7.500,31079,22712010.00
2010-11-16 00:00:00,7.490,7.130,7.550,7.270,27784,20301420.00
2010-11-17 00:00:00,7.200,7.180,7.370,7.280,13891,10094970.00
2010-11-18 00:00:00,7.350,7.200,7.350,7.310,10407,7573563.00
2010-11-19 00:00:00,7.360,7.140,7.460,7.360,18017,13108540.00
2010-11-22 00:00:00,7.290,7.250,7.430,7.410,23944,17555250.00
2010-11-23 00:00:00,7.340,7.100,7.400,7.320,17994,13038060.00
2010-11-24 00:00:00,7.250,7.200,7.380,7.360,11680,8555274.00
2010-11-25 00:00:00,7.360,7.300,7.450,7.410,17296,12753400.00
2010-11-26 00:00:00,7.430,7.380,7.520,7.510,17763,13243990.00
2010-11-29 00:00:00,7.510,7.300,7.550,7.410,16635,12314480.00
2010-11-30 00:00:00,7.440,7.040,7.440,7.170,37419,26630340.00
2010-12-01 00:00:00,7.100,7.040,7.140,7.120,11905,8451519.00
2010-12-02 00:00:00,7.160,7.090,7.210,7.130,15061,10770880.00
2010-12-03 00:00:00,7.090,7.090,7.250,7.230,24503,17599730.00
2010-12-06 00:00:00,7.200,7.120,7.260,7.160,14201,10210460.00
2010-12-07 00:00:00,7.190,7.100,7.210,7.180,7516,5371862.00
2010-12-08 00:00:00,7.180,7.080,7.190,7.190,10019,7145917.00
2010-12-09 00:00:00,7.160,7.110,7.270,7.190,13006,9375291.00
2010-12-10 00:00:00,7.110,7.100,7.200,7.180,6869,4917960.00
2010-12-13 00:00:00,7.180,7.130,7.250,7.240,13012,9376285.00
2010-12-14 00:00:00,7.220,7.220,7.400,7.360,14941,10982160.00
2010-12-15 00:00:00,7.360,7.350,7.730,7.570,32212,24478940.00
2010-12-16 00:00:00,7.570,7.470,7.670,7.590,14828,11250290.00
2010-12-17 00:00:00,7.660,7.470,7.660,7.600,13401,10098430.00
2010-12-20 00:00:00,7.600,7.300,7.740,7.450,20308,15220430.00
2010-12-21 00:00:00,7.460,7.400,7.550,7.500,8951,6700586.00
2010-12-22 00:00:00,7.500,7.380,7.510,7.380,7301,5431691.00
2010-12-23 00:00:00,7.440,7.310,7.440,7.400,9095,6701815.00
2010-12-24 00:00:00,7.390,7.160,7.390,7.220,7810,5640806.00
2010-12-27 00:00:00,7.220,6.940,7.270,6.990,10316,7370265.00
2010-12-28 00:00:00,6.980,6.680,6.980,6.700,16676,11321950.00
2010-12-29 00:00:00,6.730,6.620,6.750,6.750,6715,4490584.00
2010-12-30 00:00:00,6.720,6.680,6.790,6.760,6014,4048380.00
2010-12-31 00:00:00,6.780,6.770,6.870,6.860,6990,4777727.00
2011-01-04 00:00:00,6.900,6.800,6.920,6.890,10839,7446437.00
2011-01-05 00:00:00,6.890,6.800,6.980,6.930,11437,7849943.00
2011-01-06 00:00:00,6.970,6.800,6.970,6.820,9579,6552894.00
2011-01-07 00:00:00,6.830,6.770,6.860,6.800,8679,5915855.00
2011-01-10 00:00:00,6.790,6.620,6.790,6.640,8639,5798693.00
2011-01-11 00:00:00,6.640,6.460,6.640,6.590,8363,5484554.00
2011-01-12 00:00:00,6.620,6.490,6.730,6.710,19040,12538940.00
2011-01-13 00:00:00,6.650,6.620,6.850,6.750,11291,7586049.00
2011-01-14 00:00:00,6.740,6.610,6.740,6.660,6881,4592341.00
2011-01-17 00:00:00,6.500,6.500,6.860,6.670,13922,9280397.00
2011-01-18 00:00:00,6.680,6.510,6.760,6.670,9016,6026692.00
2011-01-19 00:00:00,6.670,6.630,6.790,6.770,10510,7069077.00
2011-01-20 00:00:00,6.770,6.560,6.780,6.690,9088,6082718.00
2011-01-21 00:00:00,6.650,6.650,6.880,6.760,14694,9982456.00
2011-01-24 00:00:00,6.730,6.560,6.790,6.620,9494,6331877.00
2011-01-25 00:00:00,6.620,6.290,6.620,6.380,12743,8160460.00
2011-01-26 00:00:00,6.360,6.320,6.440,6.400,4835,3094098.00
2011-01-27 00:00:00,6.380,6.320,6.470,6.420,7657,4905303.00
2011-01-28 00:00:00,6.420,6.400,6.460,6.450,5704,3664624.00
2011-01-31 00:00:00,6.400,6.370,6.510,6.510,5894,3799837.00
2011-02-01 00:00:00,6.510,6.450,6.530,6.470,4095,2653049.00
2011-02-09 00:00:00,6.410,6.410,6.620,6.560,7476,4896566.00
2011-02-10 00:00:00,6.570,6.530,6.680,6.640,9000,5954048.00
2011-02-11 00:00:00,6.640,6.590,6.670,6.640,6838,4531386.00
2011-02-14 00:00:00,6.600,6.600,6.730,6.710,13932,9333949.00
2011-02-15 00:00:00,6.730,6.690,6.790,6.760,14851,10016640.00
2011-02-16 00:00:00,6.760,6.720,6.830,6.790,9910,6709852.00
2011-02-17 00:00:00,6.830,6.800,6.980,6.930,14849,10232240.00
2011-02-18 00:00:00,6.930,6.720,6.950,6.860,12226,8360492.00
2011-02-21 00:00:00,6.770,6.770,6.890,6.880,6454,4404432.00
2011-02-22 00:00:00,6.870,6.700,6.900,6.720,13283,9023576.00
2011-02-23 00:00:00,6.720,6.660,6.760,6.740,11066,7429188.00
2011-02-24 00:00:00,6.700,6.700,6.800,6.750,7928,5349602.00
2011-02-25 00:00:00,6.800,6.790,6.920,6.870,11609,7944673.00
2011-02-28 00:00:00,6.870,6.830,6.980,6.950,15025,10377410.00
2011-03-02 00:00:00,7.100,7.030,7.300,7.300,45902,33397750.00
2011-03-03 00:00:00,7.370,7.300,7.590,7.300,56174,41708940.00
2011-03-04 00:00:00,7.210,7.210,7.500,7.310,21642,15896120.00
2011-03-07 00:00:00,7.310,7.310,7.440,7.360,17141,12625520.00
2011-03-08 00:00:00,7.360,7.360,7.650,7.460,19096,14328050.00
2011-03-09 00:00:00,7.490,7.350,7.500,7.370,14321,10595080.00
2011-03-10 00:00:00,7.350,7.310,7.570,7.420,17852,13322070.00
2011-03-11 00:00:00,7.370,7.370,7.550,7.450,13361,9985722.00
2011-03-14 00:00:00,7.470,7.420,7.760,7.700,33966,25771490.00
2011-03-15 00:00:00,7.650,7.500,7.860,7.830,43225,33224590.00
2011-03-16 00:00:00,7.830,7.700,8.210,8.060,48350,38784060.00
2011-03-17 00:00:00,8.050,7.870,8.280,7.980,33414,26904520.00
2011-03-18 00:00:00,7.960,7.960,8.130,8.000,18238,14624910.00
2011-03-21 00:00:00,8.000,7.810,8.070,7.970,19479,15486710.00
2011-03-22 00:00:00,7.990,7.880,8.120,8.020,15121,12130100.00
2011-03-23 00:00:00,8.000,8.000,8.150,8.040,14207,11462010.00
2011-03-25 00:00:00,8.020,7.700,8.090,7.790,43227,33763760.00
2011-03-28 00:00:00,7.760,7.750,8.180,8.130,45183,36309440.00
2011-03-29 00:00:00,8.030,8.030,8.330,8.160,40648,33372770.00
2011-03-30 00:00:00,8.230,7.950,8.250,8.100,21695,17569400.00
2011-03-31 00:00:00,8.050,7.900,8.250,8.010,20243,16268840.00
2011-04-01 00:00:00,8.090,8.020,8.410,8.410,75607,63168380.00
2011-04-06 00:00:00,8.400,8.330,8.700,8.670,64436,54710320.00
2011-04-07 00:00:00,8.530,8.480,8.680,8.600,28748,24651300.00
2011-04-08 00:00:00,8.580,8.510,8.800,8.690,23531,20464300.00
2011-04-11 00:00:00,8.680,8.650,9.050,8.850,48888,43613060.00
2011-04-12 00:00:00,8.950,8.800,9.290,8.920,54795,49895030.00
2011-04-13 00:00:00,8.900,8.700,9.110,9.000,33875,30278550.00
2011-04-14 00:00:00,9.080,8.910,9.300,9.180,41530,38134700.00
2011-04-15 00:00:00,9.150,8.880,9.300,9.050,44504,40155840.00
2011-04-18 00:00:00,9.080,8.900,9.190,8.960,30473,27561950.00
2011-04-19 00:00:00,8.950,8.680,8.970,8.750,40687,35619680.00
2011-04-20 00:00:00,8.800,8.310,8.850,8.470,53215,45116570.00
2011-04-21 00:00:00,8.520,8.430,8.720,8.650,27238,23418440.00
2011-04-22 00:00:00,8.700,8.580,9.080,9.010,51014,45610260.00
2011-04-25 00:00:00,9.050,8.700,9.150,8.720,35194,31277480.00
2011-04-26 00:00:00,8.660,8.280,8.670,8.310,33225,27894020.00
2011-04-27 00:00:00,8.300,7.970,8.420,8.070,27247,22215160.00
2011-04-28 00:00:00,8.080,7.680,8.280,7.750,43401,34818800.00
2011-04-29 00:00:00,7.860,7.720,8.010,7.980,22811,17889490.00
2011-05-03 00:00:00,8.000,7.870,8.330,8.310,25554,20674660.00
2011-05-04 00:00:00,8.310,7.980,8.310,8.050,18050,14635770.00
2011-05-05 00:00:00,7.990,7.860,8.200,8.080,15017,12121360.00
2011-05-06 00:00:00,8.070,7.920,8.200,8.140,13115,10660510.00
2011-05-09 00:00:00,8.090,8.050,8.250,8.120,13013,10602970.00
2011-05-10 00:00:00,8.110,8.060,8.200,8.170,12663,10322550.00
2011-05-11 00:00:00,8.250,8.020,8.300,8.230,39360,32186460.00
2011-05-12 00:00:00,8.190,8.100,8.360,8.340,27285,22569320.00
2011-05-13 00:00:00,8.320,8.230,8.670,8.540,33345,28294790.00
2011-05-16 00:00:00,8.350,8.170,8.650,8.310,36820,30800890.00
2011-05-17 00:00:00,8.250,7.950,8.300,8.120,24911,20227260.00
2011-05-18 00:00:00,8.140,8.080,8.250,8.180,11977,9797865.00
2011-05-19 00:00:00,8.220,8.030,8.220,8.040,13831,11222910.00
2011-05-20 00:00:00,8.040,7.920,8.150,7.990,14605,11692160.00
2011-05-23 00:00:00,7.930,7.590,7.930,7.590,36390,27869130.00
2011-05-24 00:00:00,7.450,7.220,7.450,7.380,23104,16895700.00
2011-05-25 00:00:00,7.310,7.200,7.400,7.300,14365,10489700.00
2011-05-26 00:00:00,7.330,7.200,7.410,7.350,15042,11018920.00
2011-05-27 00:00:00,7.350,6.980,7.380,7.050,16110,11497730.00
2011-05-30 00:00:00,7.000,6.760,7.080,7.020,15099,10499480.00
2011-05-31 00:00:00,7.000,6.930,7.120,7.060,19722,13836240.00
2011-06-01 00:00:00,7.040,7.030,7.270,7.240,18710,13406960.00
2011-06-02 00:00:00,7.180,6.950,7.240,7.110,20046,14270790.00
2011-06-03 00:00:00,7.180,7.150,7.250,7.180,12714,9150075.00
2011-06-07 00:00:00,7.200,7.170,7.480,7.440,17012,12503750.00
2011-06-08 00:00:00,7.440,7.280,7.460,7.410,18078,13375650.00
2011-06-09 00:00:00,7.410,7.200,7.430,7.200,15083,11040920.00
2011-06-10 00:00:00,7.170,7.150,7.400,7.370,16202,11836450.00
2011-06-13 00:00:00,7.370,7.300,7.680,7.630,23742,17864300.00
2011-06-14 00:00:00,7.620,7.570,7.770,7.690,19933,15320560.00
2011-06-15 00:00:00,7.700,7.530,7.750,7.540,12219,9303809.00
2011-06-16 00:00:00,7.440,7.360,7.630,7.520,12513,9388526.00
2011-06-17 00:00:00,7.530,7.300,7.600,7.340,9181,6821110.00
2011-06-20 00:00:00,7.280,7.030,7.370,7.100,9639,6884279.00
2011-06-21 00:00:00,7.110,7.090,7.220,7.200,6730,4822013.00
2011-06-22 00:00:00,7.200,7.140,7.290,7.180,5775,4167711.00
2011-06-23 00:00:00,7.210,7.110,7.360,7.360,8997,6507571.00
2011-06-24 00:00:00,7.360,7.300,7.570,7.480,14241,10607250.00
2011-06-27 00:00:00,7.480,7.450,7.610,7.500,10903,8187985.00
2011-06-28 00:00:00,7.510,7.400,7.570,7.520,11081,8271504.00
2011-06-29 00:00:00,7.520,7.390,7.520,7.480,8464,6311454.00
2011-06-30 00:00:00,7.430,7.420,7.580,7.580,13747,10338400.00
2011-07-01 00:00:00,7.620,7.540,7.720,7.630,20613,15676800.00
2011-07-04 00:00:00,7.630,7.600,7.780,7.700,16922,13024770.00
2011-07-05 00:00:00,7.710,7.650,7.870,7.750,21791,16912560.00
2011-07-06 00:00:00,7.710,7.580,7.790,7.660,22228,16987050.00
2011-07-07 00:00:00,7.630,7.600,7.780,7.620,27539,21112370.00
2011-07-08 00:00:00,7.620,7.560,7.660,7.640,12267,9328104.00
2011-07-11 00:00:00,7.640,7.570,7.960,7.880,27077,21096360.00
2011-07-12 00:00:00,7.820,7.680,7.820,7.730,18189,14082730.00
2011-07-13 00:00:00,7.700,7.680,8.050,8.040,33395,26462030.00
2011-07-14 00:00:00,8.020,8.000,8.260,8.200,32184,26172460.00
2011-07-15 00:00:00,8.190,8.130,8.310,8.260,19028,15644660.00
2011-07-18 00:00:00,8.270,8.080,8.270,8.160,20943,17107240.00
2011-07-19 00:00:00,8.130,8.020,8.160,8.090,18049,14573190.00
2011-07-20 00:00:00,8.080,8.030,8.250,8.100,11706,9490743.00
2011-07-21 00:00:00,8.100,7.990,8.150,8.020,12652,10212310.00
2011-07-22 00:00:00,8.030,8.020,8.150,8.120,12497,10109920.00
2011-07-25 00:00:00,8.130,7.710,8.190,7.870,19692,15696230.00
2011-07-26 00:00:00,7.850,7.520,7.960,7.930,16242,12575010.00
2011-07-27 00:00:00,7.880,7.790,7.970,7.940,10656,8425118.00
2011-07-28 00:00:00,7.930,7.750,7.940,7.900,11494,9017593.00
2011-07-29 00:00:00,7.860,7.830,8.300,8.300,64880,53539160.00
2011-08-01 00:00:00,8.340,8.210,8.380,8.330,28252,23463780.00
2011-08-02 00:00:00,8.310,8.050,8.310,8.230,21213,17275740.00
2011-08-03 00:00:00,8.120,8.100,8.270,8.130,18444,15074350.00
2011-08-04 00:00:00,8.110,7.980,8.200,8.010,17997,14520270.00
2011-08-05 00:00:00,7.620,7.620,7.840,7.700,25691,19897880.00
2011-08-08 00:00:00,7.650,7.320,7.650,7.320,22635,16753750.00
2011-08-09 00:00:00,7.030,6.950,7.220,7.140,30917,21803110.00
2011-08-10 00:00:00,7.300,7.240,7.390,7.260,13364,9767005.00
2011-08-11 00:00:00,7.120,6.950,7.330,7.310,14785,10646570.00
2011-08-12 00:00:00,7.380,7.300,7.550,7.500,11610,8637223.00
2011-08-15 00:00:00,7.510,7.410,7.590,7.580,12222,9175548.00
2011-08-16 00:00:00,7.540,7.450,7.600,7.490,10992,8253262.00
2011-08-17 00:00:00,7.450,7.420,7.690,7.620,10999,8331637.00
2011-08-18 00:00:00,7.620,7.410,7.650,7.410,7780,5837615.00
2011-08-19 00:00:00,7.250,7.150,7.380,7.330,12564,9085960.00
2011-08-22 00:00:00,7.280,7.250,7.450,7.310,8848,6474070.00
2011-08-23 00:00:00,7.370,7.330,7.550,7.490,9529,7097922.00
2011-08-24 00:00:00,7.490,7.460,7.680,7.490,11722,8870263.00
2011-08-25 00:00:00,7.510,7.480,7.710,7.630,11249,8558769.00
2011-08-26 00:00:00,7.670,7.600,7.770,7.690,9697,7455107.00
2011-08-29 00:00:00,7.690,7.610,7.720,7.690,9905,7603002.00
2011-08-30 00:00:00,7.710,7.490,7.780,7.530,13953,10661090.00
2011-08-31 00:00:00,7.490,7.400,7.540,7.530,7457,5579009.00
2011-09-01 00:00:00,7.500,7.490,7.700,7.550,9660,7347704.00
2011-09-02 00:00:00,7.510,7.300,7.570,7.340,7564,5600549.00
2011-09-05 00:00:00,7.220,7.100,7.250,7.230,9038,6483980.00
2011-09-06 00:00:00,7.110,7.110,7.340,7.260,6162,4463518.00
2011-09-07 00:00:00,7.350,7.310,7.500,7.480,11250,8338479.00
2011-09-08 00:00:00,7.480,7.430,7.720,7.500,11020,8381780.00
2011-09-09 00:00:00,7.590,7.430,7.650,7.490,8834,6650188.00
2011-09-13 00:00:00,7.400,7.210,7.460,7.340,11885,8720360.00
2011-09-14 00:00:00,7.320,7.280,7.480,7.450,8830,6527492.00
2011-09-15 00:00:00,7.450,7.420,7.560,7.540,11449,8585748.00
2011-09-16 00:00:00,7.600,7.480,7.600,7.530,7634,5748221.00
2011-09-19 00:00:00,7.500,7.420,7.620,7.540,14840,11183930.00
2011-09-20 00:00:00,7.530,7.400,7.670,7.580,11869,8968196.00
2011-09-21 00:00:00,7.540,7.500,7.810,7.780,28643,22186690.00
2011-09-22 00:00:00,7.700,7.650,7.970,7.700,25865,20171320.00
2011-09-23 00:00:00,7.600,7.500,7.800,7.790,16440,12565120.00
2011-09-26 00:00:00,7.780,7.670,7.990,7.810,20448,16095190.00
2011-09-27 00:00:00,7.780,7.700,7.940,7.790,12587,9807396.00
2011-09-28 00:00:00,7.750,7.500,7.850,7.510,14545,11132190.00
2011-09-29 00:00:00,7.380,7.130,7.390,7.130,23196,16721120.00
2011-09-30 00:00:00,7.110,6.990,7.250,7.170,6944,4952087.00
2011-10-10 00:00:00,7.210,7.100,7.240,7.180,7130,5096193.00
2011-10-11 00:00:00,7.300,7.070,7.340,7.160,7140,5137366.00
2011-10-12 00:00:00,7.080,7.050,7.340,7.340,11256,8178247.00
2011-10-13 00:00:00,7.340,7.260,7.480,7.440,10512,7806365.00
2011-10-14 00:00:00,7.410,7.300,7.470,7.360,7038,5189850.00
2011-10-17 00:00:00,7.320,7.320,7.550,7.460,8973,6699617.00
2011-10-18 00:00:00,7.480,7.350,7.640,7.400,18252,13692710.00
2011-10-19 00:00:00,7.330,7.330,7.520,7.400,4651,3446411.00
2011-10-20 00:00:00,7.400,7.030,7.440,7.030,14669,10427670.00
2011-10-21 00:00:00,7.040,6.920,7.080,6.990,5793,4048980.00
2011-10-24 00:00:00,7.000,6.680,7.080,6.990,12124,8356859.00
2011-10-25 00:00:00,6.990,6.980,7.150,7.140,11057,7827628.00
2011-10-26 00:00:00,7.110,7.000,7.210,7.130,8784,6262442.00
2011-10-27 00:00:00,7.170,7.090,7.210,7.140,5852,4175119.00
2011-10-28 00:00:00,7.180,7.000,7.250,7.210,8059,5776254.00
2011-10-31 00:00:00,7.130,7.100,7.220,7.160,9704,6937488.00
2011-11-01 00:00:00,7.160,7.060,7.190,7.150,8262,5895890.00
2011-11-02 00:00:00,7.070,7.010,7.200,7.200,13656,9706520.00
2011-11-03 00:00:00,7.200,7.150,7.340,7.210,15275,11059780.00
2011-11-04 00:00:00,7.220,7.210,7.360,7.320,13840,10057300.00
2011-11-07 00:00:00,7.320,7.250,7.420,7.310,11931,8743173.00
2011-11-08 00:00:00,7.350,7.180,7.350,7.230,8404,6077593.00
2011-11-09 00:00:00,7.220,7.160,7.280,7.270,12273,8849363.00
2011-11-10 00:00:00,7.200,7.100,7.280,7.160,11595,8293781.00
2011-11-11 00:00:00,7.180,7.100,7.260,7.160,9181,6558200.00
2011-11-14 00:00:00,7.180,7.150,7.270,7.260,12515,9045876.00
2011-11-15 00:00:00,7.290,7.180,7.580,7.510,58577,43365980.00
2011-11-16 00:00:00,7.470,7.330,7.500,7.370,20752,15346840.00
2011-11-17 00:00:00,7.400,7.330,7.470,7.390,10173,7540619.00
2011-11-18 00:00:00,7.390,7.390,7.760,7.590,67368,51559120.00
2011-11-21 00:00:00,7.510,7.210,7.590,7.210,28814,20895330.00
2011-11-22 00:00:00,7.050,6.870,7.270,7.250,41535,29445280.00
2011-11-23 00:00:00,7.230,7.100,7.260,7.100,11215,8019191.00
2011-11-24 00:00:00,7.060,6.880,7.080,7.040,14651,10244200.00
2011-11-25 00:00:00,7.030,6.950,7.050,7.040,8943,6251726.00
2011-11-28 00:00:00,7.080,6.950,7.080,6.980,5661,3953424.00
2011-11-29 00:00:00,7.020,6.980,7.050,7.020,5742,4020735.00
2011-11-30 00:00:00,7.020,6.670,7.070,6.710,14944,10127690.00
2011-12-01 00:00:00,6.860,6.780,6.930,6.790,11345,7775098.00
2011-12-02 00:00:00,6.840,6.450,6.840,6.450,17211,11249140.00
2011-12-05 00:00:00,6.460,6.190,6.460,6.270,10492,6633650.00
2011-12-06 00:00:00,6.280,5.960,6.320,5.960,20460,12282800.00
2011-12-07 00:00:00,5.950,5.660,5.950,5.660,47132,26814000.00
2011-12-08 00:00:00,5.640,5.380,5.640,5.480,48323,26204800.00
2011-12-09 00:00:00,5.400,5.270,5.450,5.300,20137,10764950.00
2011-12-12 00:00:00,5.260,5.260,5.420,5.340,13534,7238287.00
2011-12-13 00:00:00,5.290,5.070,5.340,5.070,16917,8625106.00
2011-12-14 00:00:00,5.070,4.820,5.070,4.820,26577,12873250.00
2011-12-15 00:00:00,4.630,4.580,4.700,4.580,17513,8056151.00
2011-12-16 00:00:00,4.400,4.350,4.450,4.400,32058,14007240.00
2011-12-19 00:00:00,4.400,4.180,4.400,4.330,29159,12360620.00
2011-12-20 00:00:00,4.310,4.250,4.550,4.540,34324,15494070.00
2011-12-21 00:00:00,4.520,4.310,4.650,4.310,27540,12309380.00
2011-12-22 00:00:00,4.200,4.090,4.200,4.090,27895,11463300.00
2011-12-23 00:00:00,4.010,4.000,4.240,4.130,14566,6024412.00
2011-12-26 00:00:00,4.130,4.060,4.290,4.200,10476,4388283.00
2011-12-27 00:00:00,4.190,4.010,4.190,4.080,8660,3532799.00
2011-12-28 00:00:00,4.000,3.940,4.100,4.090,14994,6023898.00
2011-12-29 00:00:00,4.090,4.040,4.220,4.180,9895,4113140.00
2011-12-30 00:00:00,4.180,4.140,4.370,4.360,21649,9276049.00
2012-01-04 00:00:00,4.370,4.250,4.400,4.320,18899,8135855.00
2012-01-05 00:00:00,4.300,4.100,4.300,4.100,11998,4963367.00
2012-01-06 00:00:00,3.930,3.930,4.250,4.200,21723,8939146.00
2012-01-09 00:00:00,4.200,4.100,4.400,4.350,23143,9816731.00
2012-01-10 00:00:00,4.290,4.250,4.500,4.460,35795,15804370.00
2012-01-11 00:00:00,4.430,4.400,4.520,4.450,18658,8317438.00
2012-01-12 00:00:00,4.410,4.400,4.520,4.470,10251,4586608.00
2012-01-13 00:00:00,4.460,4.250,4.480,4.270,14459,6252351.00
2012-01-16 00:00:00,4.270,4.100,4.270,4.110,4857,2033292.00
2012-01-17 00:00:00,4.080,4.070,4.320,4.320,15877,6716207.00
2012-01-18 00:00:00,4.320,4.310,4.540,4.430,28720,12706650.00
2012-01-19 00:00:00,4.450,4.330,4.630,4.540,31286,14072790.00
2012-01-20 00:00:00,4.590,4.530,4.670,4.570,12423,5712867.00
2012-01-30 00:00:00,4.630,4.510,4.790,4.690,12746,5949608.00
2012-01-31 00:00:00,4.650,4.650,4.880,4.810,14878,7112274.00
2012-02-01 00:00:00,4.790,4.720,4.990,4.760,19535,9491797.00
2012-02-02 00:00:00,4.730,4.600,4.760,4.750,16156,7563831.00
2012-02-03 00:00:00,4.750,4.750,4.990,4.990,32923,16119480.00
2012-02-06 00:00:00,4.980,4.970,5.140,5.030,28849,14586800.00
2012-02-07 00:00:00,4.970,4.780,5.060,4.840,22175,10797650.00
2012-02-08 00:00:00,4.880,4.730,4.970,4.950,20247,9878460.00
2012-02-09 00:00:00,4.960,4.890,5.070,4.980,20646,10316920.00
2012-02-10 00:00:00,4.940,4.920,5.030,5.000,16032,7972370.00
2012-02-13 00:00:00,4.970,4.910,5.210,5.130,23911,12268510.00
2012-02-14 00:00:00,5.170,5.150,5.380,5.290,34718,18316500.00
2012-02-15 00:00:00,5.260,5.210,5.550,5.500,33784,18385650.00
2012-02-16 00:00:00,5.520,5.300,5.630,5.400,36606,19824560.00
2012-02-17 00:00:00,5.400,5.300,5.540,5.460,23471,12736950.00
2012-02-20 00:00:00,5.490,5.400,5.560,5.470,14464,7921250.00
2012-02-21 00:00:00,5.470,5.290,5.510,5.450,16201,8744896.00
2012-02-22 00:00:00,5.440,5.380,5.560,5.500,18583,10199800.00
2012-02-23 00:00:00,5.490,5.380,5.540,5.520,30331,16594120.00
2012-02-24 00:00:00,5.590,5.510,5.620,5.560,18603,10372140.00
2012-02-27 00:00:00,5.520,5.500,5.610,5.500,19585,10847120.00
2012-02-28 00:00:00,5.600,5.410,5.670,5.450,25603,14105090.00
2012-02-29 00:00:00,5.450,5.280,5.490,5.300,19106,10287160.00
2012-03-01 00:00:00,5.230,5.200,5.420,5.410,17549,9284842.00
2012-03-02 00:00:00,5.360,5.300,5.500,5.450,20548,11118150.00
2012-03-05 00:00:00,5.420,5.420,5.530,5.460,17549,9616772.00
2012-03-06 00:00:00,5.450,5.380,5.520,5.500,25799,14131600.00
2012-03-07 00:00:00,5.440,5.250,5.500,5.340,13121,7109853.00
2012-03-08 00:00:00,5.390,5.330,5.440,5.400,12249,6598026.00
2012-03-09 00:00:00,5.380,5.380,5.570,5.560,41547,22832800.00
2012-03-12 00:00:00,5.560,5.540,5.800,5.730,41493,23593220.00
2012-03-13 00:00:00,5.800,5.650,5.810,5.720,25612,14698210.00
2012-03-14 00:00:00,5.760,5.430,5.770,5.430,36149,20198330.00
2012-03-15 00:00:00,5.310,5.160,5.390,5.160,30164,15744390.00
2012-03-16 00:00:00,5.160,5.160,5.420,5.420,17314,9204646.00
2012-03-19 00:00:00,5.500,5.440,5.680,5.620,26172,14688520.00
2012-03-20 00:00:00,5.600,5.440,5.640,5.450,16159,8935446.00
2012-03-21 00:00:00,5.450,5.380,5.580,5.500,14361,7874619.00
2012-03-22 00:00:00,5.450,5.430,5.550,5.530,11341,6243278.00
2012-03-23 00:00:00,5.500,5.480,5.810,5.810,33939,19611510.00
2012-03-26 00:00:00,5.890,5.560,5.890,5.570,38297,21921610.00
2012-03-27 00:00:00,5.500,5.400,5.580,5.490,14990,8240456.00
2012-03-28 00:00:00,5.420,5.220,5.490,5.220,24007,12685170.00
2012-03-29 00:00:00,5.220,5.160,5.480,5.480,27493,14836330.00
2012-03-30 00:00:00,5.470,5.250,5.680,5.310,32480,17919260.00
2012-04-05 00:00:00,5.320,5.220,5.580,5.580,26255,14525900.00
2012-04-06 00:00:00,5.520,5.520,5.860,5.650,38872,22265330.00
2012-04-09 00:00:00,5.700,5.630,5.930,5.930,42616,25121840.00
2012-04-10 00:00:00,5.740,5.630,5.900,5.820,48886,27865960.00
2012-04-11 00:00:00,5.730,5.530,5.800,5.690,27657,15753420.00
2012-04-12 00:00:00,5.690,5.690,5.880,5.810,24574,14239170.00
2012-04-13 00:00:00,5.850,5.650,5.990,5.850,40895,23707680.00
2012-04-16 00:00:00,5.800,5.750,6.140,6.010,44368,26684520.00
2012-04-17 00:00:00,5.990,5.910,6.180,6.020,34143,20748400.00
2012-04-18 00:00:00,6.000,5.930,6.130,6.100,38324,23195820.00
2012-04-19 00:00:00,6.090,6.000,6.230,6.060,27182,16582520.00
2012-04-20 00:00:00,6.080,5.880,6.120,6.050,38818,23272380.00
2012-04-23 00:00:00,6.050,5.750,6.050,5.750,39034,22602370.00
2012-04-24 00:00:00,5.690,5.460,5.690,5.480,35313,19337600.00
2012-04-26 00:00:00,5.560,5.490,5.690,5.560,24981,13915830.00
2012-04-27 00:00:00,5.560,5.280,5.560,5.280,36740,19475650.00
2012-05-02 00:00:00,5.020,5.020,5.040,5.020,18264,9168660.00
2012-05-03 00:00:00,4.770,4.770,4.770,4.770,5580,2661660.00
2012-05-04 00:00:00,4.560,4.540,4.770,4.670,54528,25370800.00
2012-05-07 00:00:00,4.610,4.610,4.900,4.900,45819,22109870.00
2012-05-08 00:00:00,4.980,4.890,5.110,4.930,43390,21546370.00
2012-05-09 00:00:00,4.930,4.820,5.080,4.970,26610,13163110.00
2012-05-10 00:00:00,4.980,4.970,5.070,5.020,23980,12033700.00
2012-05-11 00:00:00,5.000,4.970,5.080,5.000,17881,8980000.00
2012-05-14 00:00:00,5.060,4.850,5.060,4.940,27437,13601060.00
2012-05-15 00:00:00,4.980,4.760,4.980,4.890,25521,12378400.00
2012-05-16 00:00:00,4.850,4.730,4.930,4.800,23674,11395330.00
2012-05-17 00:00:00,4.750,4.750,4.840,4.810,19450,9335224.00
2012-05-18 00:00:00,4.800,4.650,4.800,4.700,22244,10485920.00
2012-05-21 00:00:00,4.670,4.630,4.770,4.650,11243,5273730.00
2012-05-22 00:00:00,4.700,4.650,4.750,4.750,10138,4764169.00
2012-05-23 00:00:00,4.700,4.700,4.860,4.770,17186,8221843.00
2012-05-24 00:00:00,4.730,4.650,4.810,4.670,13198,6233867.00
2012-05-25 00:00:00,4.680,4.440,4.690,4.450,26032,11736070.00
2012-05-28 00:00:00,4.450,4.230,4.460,4.420,21356,9201558.00
2012-05-29 00:00:00,4.390,4.330,4.580,4.530,14862,6698457.00
2012-05-30 00:00:00,4.540,4.470,4.600,4.590,8923,4061177.00
2012-05-31 00:00:00,4.500,4.480,4.710,4.660,14510,6762644.00
2012-06-01 00:00:00,4.670,4.610,4.720,4.650,5861,2734279.00
2012-06-04 00:00:00,4.590,4.420,4.590,4.470,10921,4892220.00
2012-06-05 00:00:00,4.460,4.460,4.580,4.580,9999,4526312.00
2012-06-06 00:00:00,4.630,4.590,4.730,4.700,15949,7480683.00
2012-06-07 00:00:00,4.730,4.720,4.880,4.790,18875,9052787.00
2012-06-08 00:00:00,4.790,4.630,4.840,4.650,14283,6750707.00
2012-06-11 00:00:00,4.620,4.620,4.780,4.710,7254,3425956.00
2012-06-12 00:00:00,4.670,4.670,4.950,4.850,17595,8548014.00
2012-06-13 00:00:00,4.860,4.830,4.920,4.890,13427,6538143.00
2012-06-14 00:00:00,4.830,4.810,4.940,4.820,12652,6141071.00
2012-06-15 00:00:00,4.860,4.830,4.990,4.890,16499,8108650.00
2012-06-18 00:00:00,4.900,4.900,5.070,5.020,20078,10055940.00
2012-06-19 00:00:00,5.050,4.980,5.060,5.050,15486,7765840.00
2012-06-20 00:00:00,5.080,5.040,5.250,5.120,19618,10091040.00
2012-06-21 00:00:00,5.100,5.020,5.380,5.310,38993,20595230.00
2012-06-25 00:00:00,5.280,5.040,5.280,5.040,29118,14988060.00
2012-06-26 00:00:00,5.000,4.850,5.040,4.980,19072,9390867.00
2012-06-27 00:00:00,5.000,5.000,5.230,5.230,34208,17801120.00
2012-06-29 00:00:00,5.000,4.980,5.340,5.210,30334,15831080.00
2012-07-02 00:00:00,5.210,5.150,5.390,5.270,14629,7740287.00
2012-07-03 00:00:00,5.270,5.190,5.360,5.270,13318,7000050.00
2012-07-04 00:00:00,5.280,5.150,5.330,5.160,14905,7801107.00
2012-07-05 00:00:00,5.110,4.960,5.170,5.030,11556,5816843.00
2012-07-06 00:00:00,5.030,5.010,5.170,5.160,9206,4679543.00
2012-07-09 00:00:00,5.080,4.910,5.220,5.040,8402,4302526.00
2012-07-10 00:00:00,5.050,4.940,5.190,5.120,12371,6288228.00
2012-07-11 00:00:00,5.070,5.040,5.150,5.100,6837,3479451.00
2012-07-12 00:00:00,5.090,5.010,5.110,5.100,12838,6499642.00
2012-07-13 00:00:00,5.090,5.030,5.320,5.280,14176,7337881.00
2012-07-16 00:00:00,5.180,5.020,5.350,5.050,23949,12342550.00
2012-07-17 00:00:00,5.010,4.860,5.220,5.180,14104,7177301.00
2012-07-18 00:00:00,5.200,5.080,5.220,5.210,9201,4740508.00
2012-07-19 00:00:00,5.210,5.180,5.300,5.210,20900,10957560.00
2012-07-20 00:00:00,5.180,5.100,5.250,5.240,14950,7729455.00
2012-07-23 00:00:00,5.130,5.130,5.250,5.220,10079,5236656.00
2012-07-24 00:00:00,5.190,5.150,5.290,5.260,13098,6848976.00
2012-07-25 00:00:00,5.260,5.150,5.280,5.220,10349,5393089.00
2012-07-26 00:00:00,5.130,5.120,5.260,5.200,10492,5480592.00
2012-07-27 00:00:00,5.200,4.950,5.230,4.960,20892,10580200.00
2012-07-30 00:00:00,4.710,4.710,4.710,4.710,1586,747006.00
2012-07-31 00:00:00,4.470,4.470,4.470,4.470,592,264624.00
2012-08-01 00:00:00,4.250,4.250,4.250,4.250,11132,4731100.00
2012-08-02 00:00:00,4.040,4.040,4.200,4.040,37369,15159370.00
2012-08-03 00:00:00,3.940,3.900,4.090,4.050,23829,9494449.00
2012-08-06 00:00:00,4.040,3.960,4.160,4.150,23339,9495156.00
2012-08-07 00:00:00,4.110,4.110,4.360,4.360,18726,7979692.00
2012-08-08 00:00:00,4.360,4.270,4.460,4.380,14482,6309294.00
2012-08-09 00:00:00,4.380,4.320,4.590,4.580,18961,8555569.00
2012-08-10 00:00:00,4.590,4.530,4.680,4.570,16118,7407140.00
2012-08-13 00:00:00,4.570,4.350,4.600,4.570,16663,7459134.00
2012-08-14 00:00:00,4.560,4.450,4.630,4.570,9846,4458079.00
2012-08-15 00:00:00,4.550,4.520,4.630,4.620,8583,3944025.00
2012-08-16 00:00:00,4.560,4.390,4.630,4.390,15836,7063475.00
2012-08-17 00:00:00,4.390,4.260,4.420,4.330,9138,3944055.00
2012-08-20 00:00:00,4.340,4.210,4.420,4.370,8121,3517685.00
2012-08-21 00:00:00,4.430,4.390,4.590,4.550,24868,11249950.00
2012-08-22 00:00:00,4.540,4.510,4.780,4.750,32726,15345270.00
2012-08-23 00:00:00,4.800,4.730,4.950,4.890,47478,22891390.00
2012-08-24 00:00:00,4.810,4.650,4.820,4.650,18932,8839988.00
2012-08-27 00:00:00,4.420,4.420,4.590,4.570,25744,11557690.00
2012-08-28 00:00:00,4.500,4.420,4.540,4.490,19525,8735154.00
2012-08-29 00:00:00,4.490,4.320,4.490,4.350,11131,4890264.00
2012-08-30 00:00:00,4.360,4.130,4.390,4.180,17168,7223902.00
2012-08-31 00:00:00,4.130,4.120,4.390,4.340,9596,4107468.00
2012-09-03 00:00:00,4.320,4.250,4.430,4.340,8939,3899915.00
2012-09-04 00:00:00,4.320,4.320,4.420,4.360,6408,2797869.00
2012-09-05 00:00:00,4.360,4.250,4.360,4.330,7791,3353901.00
2012-09-06 00:00:00,4.340,4.300,4.370,4.360,7817,3392613.00
2012-09-07 00:00:00,4.420,4.350,4.540,4.480,15869,7079513.00
2012-09-10 00:00:00,4.490,4.450,4.540,4.520,13469,6061793.00
2012-09-11 00:00:00,4.480,4.470,4.560,4.540,12827,5807829.00
2012-09-12 00:00:00,4.540,4.530,4.600,4.570,11001,5014555.00
2012-09-13 00:00:00,4.580,4.470,4.620,4.480,7901,3589952.00
2012-09-14 00:00:00,4.520,4.500,4.560,4.550,8179,3705186.00
2012-09-17 00:00:00,4.510,4.360,4.550,4.450,14014,6208418.00
2012-09-18 00:00:00,4.430,4.310,4.450,4.390,7260,3181833.00
2012-09-19 00:00:00,4.390,4.390,4.450,4.430,4840,2140453.00
2012-09-20 00:00:00,4.450,4.210,4.460,4.230,16231,7162427.00
2012-09-21 00:00:00,4.240,4.240,4.400,4.330,7526,3259926.00
2012-09-24 00:00:00,4.300,4.240,4.390,4.380,6306,2722045.00
2012-09-25 00:00:00,4.330,4.330,4.510,4.440,7416,3299955.00
2012-09-26 00:00:00,4.430,4.320,4.470,4.330,9514,4147988.00
2012-09-27 00:00:00,4.360,4.330,4.550,4.550,22425,10101140.00
2012-09-28 00:00:00,4.570,4.490,4.600,4.580,12636,5741724.00
2012-10-08 00:00:00,4.530,4.500,4.590,4.530,11420,5168871.00
2012-10-09 00:00:00,4.530,4.530,4.620,4.570,9852,4507326.00
2012-10-10 00:00:00,4.570,4.560,4.650,4.620,14686,6756904.00
2012-10-11 00:00:00,4.620,4.590,4.780,4.650,16976,7941042.00
2012-10-12 00:00:00,4.630,4.620,4.710,4.680,8946,4186208.00
2012-10-15 00:00:00,4.580,4.560,4.840,4.780,20117,9534468.00
2012-10-16 00:00:00,4.800,4.680,4.820,4.710,13011,6161138.00
2012-10-17 00:00:00,4.710,4.570,4.740,4.660,10602,4936909.00
2012-10-18 00:00:00,4.600,4.600,4.740,4.710,5889,2767673.00
2012-10-19 00:00:00,4.680,4.660,4.860,4.810,17519,8402313.00
2012-10-22 00:00:00,4.810,4.730,4.890,4.810,12347,5953852.00
2012-10-23 00:00:00,4.830,4.670,4.830,4.730,14512,6893413.00
2012-10-24 00:00:00,4.740,4.670,4.860,4.850,11783,5661726.00
2012-10-25 00:00:00,4.830,4.610,4.960,4.640,19087,9045617.00
2012-10-26 00:00:00,4.620,4.440,4.700,4.530,20529,9407632.00
2012-10-29 00:00:00,4.530,4.490,4.570,4.560,7393,3343655.00
2012-10-30 00:00:00,4.560,4.530,4.650,4.620,8462,3894848.00
2012-10-31 00:00:00,4.630,4.630,4.770,4.710,11853,5572624.00
2012-11-01 00:00:00,4.690,4.690,4.780,4.720,15897,7526524.00
2012-11-02 00:00:00,4.740,4.690,4.760,4.740,10044,4750174.00
2012-11-05 00:00:00,4.740,4.700,4.850,4.840,17643,8496002.00
2012-11-06 00:00:00,4.840,4.700,4.870,4.800,12863,6137725.00
2012-11-07 00:00:00,4.810,4.750,4.840,4.800,7650,3667605.00
2012-11-08 00:00:00,4.750,4.660,4.760,4.710,18946,8919938.00
2012-11-09 00:00:00,4.680,4.650,4.950,4.810,26928,13089670.00
2012-11-12 00:00:00,4.840,4.730,4.890,4.800,7880,3770845.00
2012-11-13 00:00:00,4.800,4.690,4.830,4.730,10684,5071499.00
2012-11-14 00:00:00,4.710,4.670,4.720,4.700,6465,3032449.00
2012-11-15 00:00:00,4.710,4.660,4.720,4.690,7820,3662877.00
2012-11-16 00:00:00,4.690,4.660,4.760,4.690,10402,4880813.00
2012-11-19 00:00:00,4.680,4.530,4.710,4.700,7743,3594222.00
2012-11-20 00:00:00,4.640,4.640,4.730,4.720,4385,2058121.00
2012-11-21 00:00:00,4.690,4.690,4.880,4.800,14170,6828672.00
2012-11-22 00:00:00,4.820,4.770,4.870,4.800,7318,3521106.00
2012-11-23 00:00:00,4.790,4.730,4.860,4.800,10092,4831306.00
2012-11-26 00:00:00,4.820,4.750,4.820,4.800,5614,2692111.00
2012-11-27 00:00:00,4.740,4.580,4.800,4.590,11903,5542184.00
2012-11-28 00:00:00,4.580,4.430,4.600,4.470,9902,4446182.00
2012-11-29 00:00:00,4.450,4.410,4.550,4.470,7661,3429444.00
2012-11-30 00:00:00,4.410,4.410,4.520,4.500,6382,2859228.00
2012-12-03 00:00:00,4.350,4.350,4.520,4.470,4362,1944414.00
2012-12-04 00:00:00,4.410,4.370,4.470,4.430,8372,3694891.00
2012-12-05 00:00:00,4.380,4.380,4.560,4.510,8060,3624028.00
2012-12-06 00:00:00,4.500,4.490,4.650,4.640,21852,10022360.00
2012-12-07 00:00:00,4.640,4.590,4.750,4.680,15150,7094314.00
2012-12-10 00:00:00,4.640,4.640,4.720,4.670,13586,6360628.00
2012-12-11 00:00:00,4.650,4.640,4.830,4.680,12203,5783898.00
2012-12-12 00:00:00,4.710,4.690,4.800,4.740,5804,2753073.00
2012-12-13 00:00:00,4.730,4.640,4.770,4.700,5985,2812251.00
2012-12-14 00:00:00,4.660,4.660,4.860,4.800,26397,12655570.00
2012-12-17 00:00:00,4.830,4.730,4.830,4.790,10647,5085358.00
2012-12-18 00:00:00,4.810,4.710,4.900,4.830,31405,15156860.00
2012-12-19 00:00:00,4.770,4.750,4.860,4.780,10324,4951000.00
2012-12-20 00:00:00,4.780,4.700,4.800,4.760,8936,4239720.00
2012-12-21 00:00:00,4.740,4.630,4.790,4.690,8889,4185516.00
2012-12-24 00:00:00,4.650,4.620,4.730,4.700,6137,2875890.00
2012-12-25 00:00:00,4.660,4.650,4.750,4.710,10090,4758564.00
2012-12-26 00:00:00,4.710,4.650,4.760,4.690,23637,11090840.00
2012-12-27 00:00:00,4.710,4.670,4.920,4.910,52516,25452460.00
2012-12-28 00:00:00,4.850,4.800,5.000,4.840,32344,15841500.00
2012-12-31 00:00:00,4.820,4.790,5.000,4.980,30942,15240300.00
2013-01-04 00:00:00,4.900,4.730,4.970,4.820,19842,9450766.00
2013-01-07 00:00:00,4.790,4.750,5.060,5.000,19551,9641574.00
2013-01-08 00:00:00,5.000,4.960,5.140,5.130,20112,10212780.00
2013-01-09 00:00:00,5.110,5.070,5.390,5.230,25293,13237270.00
2013-01-10 00:00:00,5.200,5.150,5.350,5.170,16155,8439896.00
2013-01-11 00:00:00,5.190,5.120,5.290,5.170,12953,6720982.00
2013-01-14 00:00:00,5.170,5.150,5.430,5.430,24268,12945240.00
2013-01-15 00:00:00,5.440,5.400,5.650,5.440,22822,12543840.00
2013-01-16 00:00:00,5.650,5.500,5.710,5.680,41654,23582160.00
2013-01-17 00:00:00,5.610,5.560,5.840,5.670,32155,18326550.00
2013-01-18 00:00:00,5.620,5.530,5.800,5.720,17941,10223140.00
2013-01-21 00:00:00,5.750,5.710,6.010,6.010,35644,21060630.00
2013-01-22 00:00:00,6.100,6.010,6.280,6.210,43434,26836010.00
2013-01-23 00:00:00,6.220,5.900,6.350,6.000,52540,31728880.00
2013-01-24 00:00:00,5.910,5.700,6.060,6.050,34705,20431470.00
2013-01-25 00:00:00,6.060,6.030,6.160,6.140,32747,19936280.00
2013-02-01 00:00:00,6.290,5.760,6.490,5.790,113313,69743010.00
2013-02-04 00:00:00,5.640,5.460,5.770,5.480,55400,30812650.00
2013-02-05 00:00:00,5.430,5.430,5.860,5.670,38358,21816370.00
2013-02-06 00:00:00,5.610,5.360,5.680,5.620,34251,18915880.00
2013-02-07 00:00:00,5.530,5.530,5.650,5.630,20407,11412920.00
2013-02-08 00:00:00,5.630,5.580,5.770,5.710,14120,8025819.00
2013-02-18 00:00:00,5.760,5.670,5.800,5.720,17216,9847676.00
2013-02-19 00:00:00,5.780,5.560,5.780,5.600,12803,7212704.00
2013-02-20 00:00:00,5.600,5.500,5.660,5.640,8744,4900141.00
2013-02-21 00:00:00,5.610,5.610,6.200,6.200,99104,60647180.00
2013-02-22 00:00:00,6.130,5.990,6.320,6.000,70405,43336400.00
2013-02-25 00:00:00,5.920,5.920,6.210,6.110,27992,17044740.00
2013-02-26 00:00:00,6.050,6.010,6.190,6.020,23153,14098600.00
2013-02-27 00:00:00,6.010,6.010,6.390,6.380,37067,23023340.00
2013-02-28 00:00:00,6.440,6.200,6.440,6.310,27387,17216250.00
2013-03-01 00:00:00,6.290,6.230,6.480,6.430,19437,12405240.00
2013-03-04 00:00:00,6.370,6.210,6.900,6.510,32440,21259180.00
2013-03-05 00:00:00,6.430,6.430,6.700,6.580,27994,18427270.00
2013-03-06 00:00:00,6.550,6.380,6.590,6.560,25903,16791380.00
2013-03-07 00:00:00,6.510,6.400,6.650,6.430,25347,16572400.00
2013-03-08 00:00:00,6.300,6.240,6.450,6.260,19578,12340290.00
2013-03-11 00:00:00,6.370,6.260,6.450,6.300,11776,7459546.00
2013-03-12 00:00:00,6.390,5.900,6.390,6.000,26609,16261480.00
2013-03-13 00:00:00,6.000,5.930,6.190,6.140,14689,8898817.00
2013-03-14 00:00:00,6.190,6.070,6.200,6.120,8263,5070366.00
2013-03-15 00:00:00,6.150,6.100,6.400,6.150,15278,9562717.00
2013-03-18 00:00:00,6.130,6.110,6.290,6.180,13574,8387846.00
2013-03-19 00:00:00,6.160,6.020,6.230,6.080,8511,5213026.00
2013-03-20 00:00:00,6.030,6.030,6.250,6.230,14776,9121651.00
2013-03-21 00:00:00,6.240,6.240,6.630,6.440,26394,16935620.00
2013-03-22 00:00:00,6.370,6.350,6.560,6.420,15588,10017150.00
2013-03-25 00:00:00,6.480,6.330,6.480,6.360,8286,5284173.00
2013-03-26 00:00:00,6.320,6.300,6.520,6.490,15135,9701221.00
2013-03-27 00:00:00,6.460,6.370,6.670,6.490,16004,10443120.00
2013-03-28 00:00:00,6.450,6.300,6.450,6.320,12341,7876518.00
2013-03-29 00:00:00,6.320,6.260,6.390,6.270,6604,4165512.00
2013-04-01 00:00:00,6.250,6.200,6.340,6.230,6761,4231435.00
2013-04-02 00:00:00,6.300,6.150,6.390,6.190,8418,5252815.00
2013-04-03 00:00:00,6.180,6.030,6.210,6.040,15587,9506752.00
2013-04-08 00:00:00,6.040,5.810,6.040,6.020,12199,7227802.00
2013-04-09 00:00:00,6.060,6.010,6.160,6.070,5227,3177442.00
2013-04-10 00:00:00,6.100,6.070,6.240,6.120,6317,3876081.00
2013-04-11 00:00:00,6.120,6.040,6.170,6.050,4782,2912747.00
2013-04-12 00:00:00,6.170,6.080,6.230,6.090,9418,5793607.00
2013-04-15 00:00:00,6.100,5.940,6.160,6.040,8066,4844150.00
2013-04-16 00:00:00,6.000,5.720,6.010,5.860,22507,13135200.00
2013-04-17 00:00:00,5.870,5.670,6.070,5.700,15930,9156326.00
2013-04-18 00:00:00,5.600,5.600,5.730,5.640,11582,6568068.00
2013-04-19 00:00:00,5.640,5.640,5.760,5.720,19690,11230210.00
2013-04-22 00:00:00,5.750,5.680,5.870,5.860,19126,11091250.00
2013-04-23 00:00:00,5.860,5.670,5.860,5.670,9588,5491420.00
2013-04-24 00:00:00,5.620,5.600,5.750,5.740,9409,5344079.00
2013-04-25 00:00:00,5.710,5.610,5.830,5.650,8272,4746505.00
2013-04-26 00:00:00,5.740,5.600,5.740,5.660,5377,3053288.00
2013-05-02 00:00:00,5.690,5.680,5.800,5.760,9399,5414524.00
2013-05-03 00:00:00,5.710,5.710,5.830,5.780,7735,4482163.00
2013-05-06 00:00:00,5.750,5.750,5.940,5.920,10778,6352610.00
2013-05-07 00:00:00,5.920,5.870,6.050,5.950,10574,6299262.00
2013-05-08 00:00:00,5.930,5.910,6.030,5.940,7668,4562865.00
2013-05-09 00:00:00,5.890,5.790,5.990,5.840,11291,6634147.00
2013-05-10 00:00:00,5.810,5.760,5.920,5.860,7789,4547178.00
2013-05-13 00:00:00,5.930,5.840,5.930,5.890,5280,3107539.00
2013-05-14 00:00:00,5.900,5.740,5.900,5.820,10771,6246712.00
2013-05-15 00:00:00,5.730,5.730,5.850,5.840,4830,2810596.00
2013-05-16 00:00:00,5.850,5.760,5.880,5.870,9572,5583071.00
2013-05-17 00:00:00,5.850,5.850,6.460,6.460,86268,55446400.00
2013-05-20 00:00:00,6.370,6.300,6.580,6.440,68904,44533530.00
2013-05-21 00:00:00,6.420,6.410,6.660,6.510,36676,23853480.00
2013-05-22 00:00:00,6.370,6.320,6.520,6.410,28993,18573930.00
2013-05-23 00:00:00,6.370,6.240,6.430,6.310,24070,15174710.00
2013-05-24 00:00:00,6.320,6.270,6.450,6.430,18316,11625000.00
2013-05-27 00:00:00,6.420,6.370,6.550,6.470,20286,13113510.00
2013-05-28 00:00:00,6.480,6.420,6.560,6.530,27836,18097510.00
2013-05-29 00:00:00,6.560,6.530,7.180,7.030,80856,56131500.00
2013-05-30 00:00:00,6.900,6.880,7.280,7.110,60121,42783040.00
2013-05-31 00:00:00,7.110,6.900,7.110,6.930,24299,16905960.00
2013-06-03 00:00:00,6.990,6.980,7.260,7.120,29854,21297400.00
2013-06-04 00:00:00,7.120,7.010,7.250,7.080,33258,23735480.00
2013-06-05 00:00:00,7.060,6.860,7.200,6.970,24221,16934190.00
2013-06-06 00:00:00,6.970,6.870,7.170,6.990,24245,16920670.00
2013-06-07 00:00:00,6.950,6.710,7.060,6.790,16969,11610770.00
2013-06-13 00:00:00,6.790,6.400,6.790,6.660,24705,16354830.00
2013-06-14 00:00:00,6.740,6.630,6.810,6.720,11508,7744907.00
2013-06-24 00:00:00,6.600,6.140,6.790,6.250,28356,18031320.00
2013-06-25 00:00:00,6.200,5.630,6.370,6.030,24052,14165460.00
2013-06-26 00:00:00,5.950,5.840,6.180,6.060,20297,12196410.00
2013-06-27 00:00:00,6.060,5.800,6.130,5.820,22348,13278940.00
2013-06-28 00:00:00,5.800,5.630,5.860,5.730,20557,11805920.00
2013-07-01 00:00:00,5.730,5.640,6.150,6.040,9317,5469166.00
2013-07-02 00:00:00,6.090,5.970,6.200,6.110,7836,4789573.00
2013-07-03 00:00:00,6.050,6.010,6.160,6.160,12508,7604780.00
2013-07-04 00:00:00,6.100,6.100,6.270,6.170,11209,6952578.00
2013-07-05 00:00:00,6.130,6.100,6.260,6.110,8643,5345233.00
2013-07-08 00:00:00,6.060,5.860,6.160,5.990,32932,19833240.00
2013-07-09 00:00:00,5.910,5.910,6.090,6.070,8103,4880774.00
2013-07-10 00:00:00,6.100,6.030,6.250,6.220,5943,3646553.00
2013-07-11 00:00:00,6.270,6.250,6.480,6.290,17992,11465720.00
2013-07-12 00:00:00,6.310,6.230,6.410,6.380,10121,6395494.00
2013-07-15 00:00:00,6.380,6.270,6.530,6.350,9902,6289772.00
2013-07-16 00:00:00,6.280,6.270,6.650,6.620,14367,9195746.00
2013-07-17 00:00:00,6.550,6.420,6.690,6.470,29285,19325570.00
2013-07-18 00:00:00,6.420,6.320,6.600,6.430,6517,4195605.00
2013-07-19 00:00:00,6.400,6.250,6.470,6.290,9324,5935686.00
2013-07-29 00:00:00,6.390,6.100,6.410,6.120,13914,8696795.00
2013-07-30 00:00:00,6.100,6.000,6.210,6.150,6053,3696241.00
2013-07-31 00:00:00,6.080,6.080,6.300,6.290,13237,8160187.00
2013-08-01 00:00:00,6.290,6.250,6.620,6.540,16630,10754430.00
2013-08-02 00:00:00,6.550,6.450,6.600,6.510,11085,7224945.00
2013-08-05 00:00:00,6.580,6.510,6.600,6.580,8953,5868633.00
2013-08-06 00:00:00,6.600,6.490,6.650,6.610,8946,5876611.00
2013-08-07 00:00:00,6.630,6.520,6.630,6.530,9919,6516504.00
2013-08-08 00:00:00,6.520,6.500,6.550,6.540,4882,3185898.00
2013-08-09 00:00:00,6.560,6.510,6.660,6.580,9397,6184966.00
2013-08-12 00:00:00,6.660,6.560,7.000,6.860,17079,11654920.00
2013-08-13 00:00:00,6.780,6.710,6.900,6.810,6966,4736286.00
2013-08-14 00:00:00,6.880,6.610,6.880,6.680,13395,9030300.00
2013-08-15 00:00:00,6.770,6.510,6.770,6.510,10016,6621064.00
2013-08-16 00:00:00,6.510,6.410,6.670,6.550,11822,7770575.00
2013-08-19 00:00:00,6.530,6.500,6.640,6.640,8350,5491963.00
2013-08-20 00:00:00,6.580,6.510,6.730,6.610,7527,4991287.00
2013-08-21 00:00:00,6.600,6.580,6.750,6.740,6240,4159461.00
2013-08-22 00:00:00,6.810,6.650,6.820,6.710,5827,3906539.00
2013-08-23 00:00:00,6.780,6.500,6.780,6.730,10048,6696188.00
2013-08-26 00:00:00,6.730,6.630,6.760,6.740,19691,13179370.00
2013-08-27 00:00:00,6.760,6.660,6.770,6.740,10433,7005309.00
2013-08-28 00:00:00,6.730,6.530,6.730,6.570,15034,9915886.00
2013-08-29 00:00:00,6.550,6.440,6.630,6.580,16719,10903100.00
2013-08-30 00:00:00,6.590,6.390,6.670,6.430,15470,10125870.00
2013-09-02 00:00:00,6.430,6.330,6.560,6.540,11022,7134772.00
2013-09-03 00:00:00,6.540,6.460,6.640,6.610,9839,6462124.00
2013-09-04 00:00:00,6.530,6.520,6.670,6.540,5457,3579530.00
2013-09-05 00:00:00,6.550,6.510,6.760,6.750,13538,8968123.00
2013-09-06 00:00:00,6.720,6.680,6.880,6.850,19499,13281150.00
2013-09-09 00:00:00,6.840,6.730,6.980,6.890,20182,13921590.00
2013-09-10 00:00:00,6.820,6.820,6.980,6.920,20304,14022770.00
2013-09-11 00:00:00,6.900,6.710,6.980,6.820,12671,8681735.00
2013-09-12 00:00:00,6.820,6.710,6.880,6.830,11831,8061492.00
2013-09-13 00:00:00,6.780,6.770,7.240,7.200,45193,32068720.00
2013-09-16 00:00:00,7.220,7.140,7.700,7.200,50659,37533730.00
2013-09-17 00:00:00,7.220,7.070,7.430,7.260,30224,22012400.00
2013-09-18 00:00:00,7.270,7.180,7.480,7.390,16823,12321790.00
2013-09-23 00:00:00,7.390,7.290,8.130,8.120,96045,77067630.00
2013-09-24 00:00:00,7.960,7.800,8.080,7.870,44377,35027780.00
2013-09-25 00:00:00,7.890,7.560,7.950,7.580,29789,23149320.00
2013-09-26 00:00:00,7.580,7.280,7.650,7.300,32479,24234760.00
2013-09-27 00:00:00,7.250,7.250,7.530,7.430,15248,11332510.00
2013-09-30 00:00:00,7.400,7.320,7.580,7.350,16041,11917250.00
2013-10-08 00:00:00,7.360,7.210,7.600,7.600,22461,16710520.00
2013-10-09 00:00:00,7.590,7.510,7.970,7.920,34137,26698420.00
2013-10-10 00:00:00,7.890,7.700,8.100,7.830,39812,31636790.00
2013-10-11 00:00:00,7.820,7.800,7.980,7.850,20787,16405920.00
2013-10-14 00:00:00,7.810,7.600,7.850,7.690,16024,12349680.00
2013-10-15 00:00:00,7.680,7.450,7.830,7.450,22499,17061580.00
2013-10-16 00:00:00,7.450,7.300,7.600,7.400,19097,14131300.00
2013-10-17 00:00:00,7.470,7.400,7.550,7.460,12947,9663794.00
2013-10-18 00:00:00,7.490,7.490,8.210,7.840,27085,21437480.00
2013-10-21 00:00:00,7.780,7.780,8.160,8.020,22933,18436380.00
2013-10-22 00:00:00,8.030,7.800,8.050,7.870,15831,12511870.00
2013-10-23 00:00:00,7.800,7.590,7.990,7.600,18031,13925160.00
2013-10-24 00:00:00,7.550,7.480,7.630,7.580,9657,7306192.00
2013-10-25 00:00:00,7.550,7.550,8.170,7.820,31266,24575230.00
2013-10-28 00:00:00,7.700,7.700,8.190,8.020,27983,22480160.00
2013-10-29 00:00:00,8.010,7.700,8.310,8.020,39288,31759520.00
2013-10-30 00:00:00,8.000,7.880,8.790,8.650,62438,52107130.00
2013-10-31 00:00:00,8.510,8.180,8.550,8.280,55734,46362020.00
2013-11-01 00:00:00,8.280,7.910,8.300,8.120,23791,19252600.00
2013-11-04 00:00:00,8.120,8.120,8.480,8.370,22842,19063040.00
2013-11-05 00:00:00,8.370,8.000,8.370,8.240,22101,17956950.00
2013-11-06 00:00:00,8.180,7.950,8.180,8.010,19334,15591340.00
2013-11-07 00:00:00,7.990,7.950,8.110,8.100,14461,11609800.00
2013-11-08 00:00:00,8.090,7.850,8.180,7.920,20431,16348570.00
2013-11-11 00:00:00,7.740,7.740,8.190,8.170,33101,26723520.00
2013-11-12 00:00:00,8.160,8.150,8.380,8.190,30571,25294550.00
2013-11-13 00:00:00,8.170,8.040,8.260,8.060,16221,13219800.00
2013-11-14 00:00:00,8.010,7.880,8.090,8.060,16855,13494190.00
2013-11-15 00:00:00,8.020,8.000,8.270,8.160,31639,25851880.00
2013-11-18 00:00:00,8.270,8.080,8.270,8.170,24051,19637940.00
2013-11-19 00:00:00,8.170,8.000,8.170,8.090,27135,21895340.00
2013-11-20 00:00:00,8.090,8.010,8.380,8.360,32670,26786050.00
2013-11-21 00:00:00,8.400,8.170,8.400,8.200,18788,15499200.00
2013-11-22 00:00:00,8.150,8.030,8.230,8.050,23124,18671690.00
2013-11-25 00:00:00,8.050,7.870,8.130,7.930,17752,14176560.00
2013-11-26 00:00:00,7.850,7.700,7.990,7.950,26027,20419910.00
2013-11-27 00:00:00,7.950,7.810,7.960,7.920,14056,11089260.00
2013-11-28 00:00:00,7.870,7.840,8.000,7.920,11523,9148246.00
2013-11-29 00:00:00,7.930,7.820,8.060,7.930,20114,16005670.00
2013-12-02 00:00:00,7.840,7.190,7.840,7.320,54233,40145060.00
2013-12-03 00:00:00,7.270,6.970,7.380,7.320,24900,17782150.00
2013-12-04 00:00:00,7.320,7.210,7.530,7.520,21832,16200410.00
2013-12-05 00:00:00,7.520,7.380,7.600,7.460,9727,7268251.00
2013-12-06 00:00:00,7.360,7.360,7.500,7.450,5046,3761854.00
2013-12-09 00:00:00,7.500,7.380,7.510,7.480,6660,4968511.00
2013-12-10 00:00:00,7.500,7.200,7.500,7.340,14790,10821310.00
2013-12-11 00:00:00,7.250,7.010,7.370,7.140,18950,13482700.00
2013-12-12 00:00:00,7.100,7.000,7.220,7.150,8460,6021119.00
2013-12-13 00:00:00,7.150,7.110,7.240,7.150,8896,6387319.00
2013-12-16 00:00:00,7.110,7.000,7.180,7.100,12246,8641317.00
2013-12-17 00:00:00,7.100,6.890,7.100,6.890,12440,8676391.00
2013-12-18 00:00:00,6.870,6.850,6.990,6.990,5826,4034852.00
2013-12-19 00:00:00,6.990,6.910,7.070,6.950,4957,3466449.00
2013-12-20 00:00:00,7.000,6.880,7.020,6.900,5917,4095936.00
2013-12-23 00:00:00,6.850,6.450,6.950,6.660,17515,11637270.00
2013-12-24 00:00:00,6.660,6.610,6.800,6.700,4962,3333691.00
2013-12-25 00:00:00,6.700,6.680,6.820,6.810,6282,4258675.00
2013-12-26 00:00:00,6.810,6.610,6.810,6.700,14740,9880582.00
2013-12-27 00:00:00,6.500,6.490,6.770,6.770,16979,11411380.00
2013-12-30 00:00:00,6.770,6.520,7.440,7.180,24646,17826440.00
2013-12-31 00:00:00,6.990,6.990,7.240,7.020,14230,10106730.00
2014-01-02 00:00:00,7.030,6.960,7.150,7.130,11085,7873196.00
2014-01-03 00:00:00,7.090,6.900,7.150,7.010,9323,6549024.00
2014-01-06 00:00:00,7.080,6.610,7.080,6.740,12989,8819887.00
2014-01-07 00:00:00,6.730,6.600,6.740,6.690,8382,5585109.00
2014-01-08 00:00:00,6.680,6.450,6.730,6.500,17531,11464120.00
2014-01-09 00:00:00,6.500,6.270,6.620,6.410,8842,5699856.00
2014-01-10 00:00:00,6.380,6.250,6.560,6.470,13169,8392353.00
2014-01-13 00:00:00,6.420,6.350,6.760,6.580,11396,7393153.00
2014-01-14 00:00:00,6.710,6.710,7.130,6.880,30304,20813620.00
2014-01-15 00:00:00,6.800,6.620,6.880,6.780,12980,8743989.00
2014-01-16 00:00:00,6.730,6.630,6.760,6.690,17230,11539650.00
2014-01-17 00:00:00,6.690,6.480,6.690,6.500,7032,4615925.00
2014-01-20 00:00:00,6.450,6.410,6.620,6.420,4723,3062256.00
2014-01-21 00:00:00,6.440,6.430,6.730,6.700,9842,6547252.00
2014-01-22 00:00:00,6.620,6.610,6.800,6.780,8748,5903911.00
2014-01-23 00:00:00,6.780,6.630,6.920,6.800,14123,9678741.00
2014-01-24 00:00:00,6.740,6.730,6.910,6.830,10281,7059902.00
2014-01-27 00:00:00,6.830,6.830,7.220,6.980,20615,14583070.00
2014-01-28 00:00:00,6.950,6.880,7.150,7.030,12862,8992258.00
2014-01-29 00:00:00,6.940,6.850,7.130,7.020,6915,4838220.00
2014-01-30 00:00:00,7.020,6.960,7.090,7.040,5945,4172698.00
2014-02-07 00:00:00,7.040,6.860,7.090,7.090,5549,3886999.00
2014-02-10 00:00:00,7.170,7.090,7.350,7.310,19578,14134950.00
2014-02-11 00:00:00,7.480,7.240,7.490,7.290,9643,7053218.00
2014-02-12 00:00:00,7.210,7.210,7.360,7.330,13907,10144930.00
2014-02-13 00:00:00,7.280,7.230,7.380,7.280,12846,9368903.00
2014-02-14 00:00:00,7.360,7.220,7.360,7.350,13835,10117190.00
2014-02-17 00:00:00,7.320,7.270,7.390,7.350,13133,9631980.00
2014-02-18 00:00:00,7.350,7.280,7.380,7.350,11329,8300271.00
2014-02-19 00:00:00,7.300,7.300,7.450,7.340,12890,9503324.00
2014-02-20 00:00:00,7.400,7.100,7.400,7.100,16810,12161860.00
2014-02-21 00:00:00,7.100,7.020,7.160,7.080,11559,8194450.00
2014-02-24 00:00:00,7.080,6.900,7.100,6.980,11976,8323857.00
2014-02-25 00:00:00,6.990,6.700,7.000,6.750,13471,9250018.00
2014-02-26 00:00:00,6.720,6.630,6.840,6.810,9704,6518807.00
2014-02-27 00:00:00,6.790,6.760,6.950,6.760,7882,5404805.00
2014-02-28 00:00:00,6.700,6.700,7.020,7.000,9080,6150947.00
2014-03-03 00:00:00,7.010,6.980,7.190,7.160,15377,10965540.00
2014-03-04 00:00:00,7.240,7.010,7.300,7.150,17723,12702630.00
2014-03-05 00:00:00,7.050,7.020,7.300,7.210,15099,10856300.00
2014-03-06 00:00:00,7.170,7.030,7.200,7.180,12241,8691297.00
2014-03-07 00:00:00,7.200,7.100,7.250,7.210,9783,7012171.00
2014-03-10 00:00:00,7.180,6.890,7.180,6.970,9881,6972057.00
2014-03-11 00:00:00,6.960,6.680,7.050,6.980,7625,5257265.00
2014-03-12 00:00:00,6.980,6.850,7.030,6.990,6186,4297149.00
2014-03-13 00:00:00,7.010,7.010,7.200,7.120,8342,5956482.00
2014-03-14 00:00:00,7.010,7.010,7.150,7.110,9159,6478993.00
2014-03-17 00:00:00,7.110,7.030,7.260,7.230,13884,9950488.00
2014-03-18 00:00:00,7.290,7.190,7.290,7.210,10031,7258788.00
2014-03-19 00:00:00,7.020,7.020,7.270,7.210,14156,10204010.00
2014-03-20 00:00:00,7.280,7.200,7.490,7.240,34857,25693560.00
2014-03-21 00:00:00,7.210,7.130,7.330,7.310,26376,19127610.00
2014-03-24 00:00:00,7.350,7.300,7.600,7.580,47973,36007620.00
2014-03-25 00:00:00,7.580,7.450,7.580,7.520,29087,21817360.00
2014-03-26 00:00:00,7.540,7.360,7.570,7.500,14060,10465760.00
2014-03-27 00:00:00,7.460,7.360,7.490,7.370,15767,11667010.00
2014-03-28 00:00:00,7.310,7.240,7.460,7.420,11932,8760798.00
2014-03-31 00:00:00,7.390,7.060,7.480,7.060,16474,11870800.00
2014-04-01 00:00:00,7.080,7.060,7.170,7.160,11584,8240615.00
2014-04-02 00:00:00,7.160,7.150,7.500,7.180,15364,11137200.00
2014-04-03 00:00:00,7.130,7.070,7.250,7.130,7119,5078218.00
2014-04-04 00:00:00,7.240,7.120,7.290,7.260,12850,9266433.00
2014-04-08 00:00:00,7.150,7.060,7.290,7.250,8291,6006172.00
2014-04-09 00:00:00,7.260,7.200,7.300,7.270,11297,8206946.00
2014-04-10 00:00:00,7.270,7.200,7.320,7.270,11173,8113562.00
2014-04-11 00:00:00,7.250,7.220,7.310,7.280,12405,9018517.00
2014-04-14 00:00:00,7.280,7.200,7.430,7.400,20673,15127260.00
2014-04-15 00:00:00,7.380,7.300,7.420,7.390,14751,10857150.00
2014-04-16 00:00:00,7.390,7.280,7.410,7.320,14986,10983450.00
2014-04-17 00:00:00,7.300,7.220,7.350,7.260,14230,10343080.00
2014-04-18 00:00:00,7.200,7.140,7.270,7.210,14505,10450030.00
2014-04-21 00:00:00,7.200,7.030,7.200,7.030,15338,10916690.00
2014-04-22 00:00:00,7.040,6.930,7.100,7.060,12253,8604332.00
2014-04-23 00:00:00,7.100,7.040,7.150,7.070,6337,4487305.00
2014-04-24 00:00:00,7.100,6.960,7.100,7.050,4012,2820082.00
2014-04-25 00:00:00,7.080,6.970,7.100,7.000,10566,7419514.00
2014-04-28 00:00:00,7.000,6.690,7.000,6.750,15363,10410480.00
2014-04-29 00:00:00,6.710,6.660,6.850,6.810,7764,5228326.00
2014-04-30 00:00:00,6.800,6.740,6.980,6.960,7045,4853454.00
2014-05-05 00:00:00,6.810,6.810,7.010,7.010,4949,3431433.00
2014-05-06 00:00:00,7.000,6.910,7.090,6.950,5661,3946104.00
2014-05-07 00:00:00,6.860,6.760,6.950,6.820,4432,3034668.00
2014-05-08 00:00:00,6.730,6.730,6.920,6.850,3362,2309138.00
2014-05-09 00:00:00,6.860,6.800,6.960,6.870,4082,2792824.00
2014-05-12 00:00:00,6.870,6.800,7.060,7.050,9182,6366471.00
2014-05-13 00:00:00,6.990,6.930,7.080,6.960,9595,6709484.00
2014-05-14 00:00:00,6.950,6.810,6.980,6.910,9738,6703664.00
2014-05-15 00:00:00,6.840,6.770,6.930,6.840,5689,3889901.00
2014-05-16 00:00:00,6.760,6.760,6.870,6.780,5331,3621921.00
2014-05-19 00:00:00,6.770,6.590,6.780,6.730,6356,4237898.00
2014-05-20 00:00:00,6.730,6.550,6.760,6.710,11315,7490995.00
2014-05-21 00:00:00,6.670,6.550,6.720,6.640,9494,6277576.00
2014-05-22 00:00:00,6.610,6.560,6.670,6.580,11398,7519214.00
2014-05-23 00:00:00,6.580,6.570,6.660,6.630,5944,3939092.00
2014-05-26 00:00:00,6.630,6.630,6.840,6.750,13998,9426815.00
2014-05-27 00:00:00,6.760,6.710,6.830,6.720,4223,2857617.00
2014-05-28 00:00:00,6.720,6.720,6.870,6.810,8750,5972350.00
2014-05-29 00:00:00,6.800,6.750,6.890,6.770,5200,3549270.00
2014-05-30 00:00:00,6.770,6.770,6.870,6.830,7145,4873420.00
2014-06-03 00:00:00,6.880,6.810,6.890,6.850,6107,4169559.00
2014-06-04 00:00:00,6.870,6.650,6.870,6.780,7798,5281872.00
2014-06-05 00:00:00,6.720,6.700,6.840,6.810,5440,3694874.00
2014-06-06 00:00:00,6.810,6.740,6.840,6.840,8605,5836295.00
2014-06-09 00:00:00,6.810,6.720,6.880,6.740,6728,4567606.00
2014-06-10 00:00:00,6.740,6.720,6.820,6.810,6187,4196067.00
2014-06-11 00:00:00,6.820,6.770,6.840,6.820,7942,5410792.00
2014-06-12 00:00:00,6.820,6.800,6.950,6.860,11297,7769928.00
2014-06-13 00:00:00,6.850,6.830,7.000,6.920,8505,5886475.00
2014-06-16 00:00:00,6.900,6.900,7.020,6.970,11431,7991376.00
2014-06-17 00:00:00,6.980,6.850,7.000,6.910,7396,5111342.00
2014-06-18 00:00:00,6.880,6.880,7.000,6.920,6804,4718358.00
2014-06-19 00:00:00,6.920,6.670,6.920,6.690,7797,5264028.00
2014-06-20 00:00:00,6.680,6.620,6.830,6.820,6949,4653903.00
2014-06-23 00:00:00,6.890,6.620,6.890,6.830,6647,4526466.00
2014-06-24 00:00:00,6.800,6.760,6.870,6.790,8514,5783528.00
2014-06-25 00:00:00,6.770,6.720,6.820,6.790,10949,7417981.00
2014-06-26 00:00:00,6.790,6.780,6.830,6.820,9320,6344695.00
2014-06-27 00:00:00,6.800,6.770,7.330,7.120,32667,23064410.00
2014-06-30 00:00:00,7.000,6.980,7.180,7.110,16599,11816720.00
2014-07-01 00:00:00,7.180,7.050,7.190,7.140,11323,8081469.00
2014-07-02 00:00:00,7.120,7.120,7.300,7.230,14304,10351050.00
2014-07-03 00:00:00,7.200,7.170,7.280,7.240,8723,6314776.00
2014-07-04 00:00:00,7.240,7.160,7.290,7.280,11971,8663408.00
2014-07-07 00:00:00,7.300,7.150,7.300,7.230,15723,11372250.00
2014-07-08 00:00:00,7.230,7.120,7.230,7.150,17217,12324040.00
2014-07-09 00:00:00,7.150,7.080,7.180,7.080,8091,5762939.00
2014-07-10 00:00:00,7.080,7.020,7.120,7.070,11892,8415465.00
2014-07-11 00:00:00,7.070,7.020,7.160,7.100,12509,8901302.00
2014-07-14 00:00:00,7.100,7.080,7.250,7.140,23115,16557960.00
2014-07-15 00:00:00,7.140,7.140,7.650,7.500,56269,41838900.00
2014-07-16 00:00:00,7.500,7.310,7.500,7.400,28765,21245810.00
2014-07-17 00:00:00,7.350,7.250,7.410,7.300,11752,8593237.00
2014-07-18 00:00:00,7.300,7.250,7.470,7.430,19127,14141810.00
2014-07-21 00:00:00,7.420,7.200,7.440,7.250,9019,6562358.00
2014-07-22 00:00:00,7.270,7.200,7.350,7.340,28103,20370290.00
2014-07-23 00:00:00,7.290,7.130,7.290,7.170,21027,15103590.00
2014-07-24 00:00:00,7.200,7.070,7.230,7.180,11088,7938978.00
2014-07-25 00:00:00,7.170,7.100,7.260,7.130,21683,15489970.00
2014-07-28 00:00:00,7.160,7.120,7.250,7.230,28945,20847650.00
2014-07-29 00:00:00,7.230,7.230,7.350,7.300,17620,12865050.00
2014-07-30 00:00:00,7.290,7.240,7.350,7.290,15852,11560220.00
2014-07-31 00:00:00,7.320,7.280,7.360,7.350,21380,15648340.00
2014-08-01 00:00:00,7.350,7.220,7.360,7.230,18648,13617210.00
2014-08-04 00:00:00,7.250,7.170,7.390,7.370,26561,19428300.00
2014-08-05 00:00:00,7.370,7.280,7.390,7.370,22902,16785840.00
2014-08-06 00:00:00,7.370,7.330,7.480,7.390,23347,17324620.00
2014-08-07 00:00:00,7.400,7.360,7.490,7.400,22809,16913480.00
2014-08-08 00:00:00,7.440,7.400,8.040,7.820,76263,59368880.00
2014-08-11 00:00:00,7.700,7.650,7.830,7.810,33248,25761400.00
2014-08-12 00:00:00,7.790,7.710,7.890,7.840,25442,19825560.00
2014-08-13 00:00:00,7.800,7.710,7.870,7.850,17192,13398380.00
2014-08-14 00:00:00,7.830,7.690,7.880,7.690,19697,15298230.00
2014-08-15 00:00:00,7.710,7.700,7.940,7.830,22924,17946460.00
2014-08-18 00:00:00,7.830,7.770,8.000,7.940,24400,19274680.00
2014-08-19 00:00:00,7.930,7.880,8.530,8.240,55685,45946300.00
2014-08-20 00:00:00,8.240,8.160,8.380,8.200,30553,25164890.00
2014-08-21 00:00:00,8.260,8.110,8.260,8.210,21674,17675590.00
2014-08-22 00:00:00,8.150,8.150,8.320,8.210,22136,18225010.00
2014-08-25 00:00:00,8.210,8.180,8.540,8.270,25987,21720660.00
2014-08-26 00:00:00,8.300,7.910,8.330,8.010,34317,27721290.00
2014-08-27 00:00:00,8.000,7.970,8.180,8.140,16206,13073440.00
2014-08-28 00:00:00,8.160,8.010,8.360,8.080,22647,18520040.00
2014-08-29 00:00:00,8.060,8.060,8.250,8.160,16973,13820240.00
2014-09-01 00:00:00,8.110,8.110,8.460,8.430,27505,22982070.00
2014-09-02 00:00:00,8.430,8.350,8.660,8.650,41294,35040790.00
2014-09-03 00:00:00,8.620,8.570,8.930,8.710,34511,30231010.00
2014-09-04 00:00:00,8.660,8.650,8.900,8.780,34188,29960010.00
2014-09-05 00:00:00,8.780,8.600,8.930,8.910,40504,35496540.00
2014-09-09 00:00:00,8.890,8.800,9.200,9.120,39387,35645120.00
2014-09-10 00:00:00,9.100,9.000,9.300,9.180,33082,30385580.00
2014-09-11 00:00:00,9.180,8.750,9.400,8.970,59467,54044940.00
2014-09-12 00:00:00,8.990,8.830,9.270,9.270,28370,25855530.00
2014-09-15 00:00:00,9.270,9.020,9.440,9.300,41349,38184640.00
2014-09-16 00:00:00,9.290,8.800,9.300,8.850,39233,35743770.00
2014-09-17 00:00:00,8.810,8.710,8.990,8.890,33668,29780520.00
2014-09-18 00:00:00,8.900,8.800,9.130,9.110,36271,32625870.00
2014-09-19 00:00:00,9.110,9.000,9.460,9.300,34998,32564110.00
2014-09-22 00:00:00,9.180,8.930,9.240,9.060,33981,30858150.00
2014-09-23 00:00:00,9.110,8.970,9.180,9.070,40940,37053800.00
2014-09-24 00:00:00,9.050,9.030,9.160,9.100,30128,27410370.00
2014-09-25 00:00:00,9.130,8.990,9.230,9.120,35520,32292740.00
2014-09-26 00:00:00,9.120,9.030,9.300,9.230,35377,32609170.00
2014-09-29 00:00:00,9.250,9.150,9.700,9.690,59231,56118440.00
2014-09-30 00:00:00,9.700,9.690,10.270,10.030,60462,60749850.00
2014-10-08 00:00:00,9.910,9.850,10.090,10.000,35290,35126700.00
2014-10-09 00:00:00,10.000,9.950,10.290,10.180,44452,45125730.00
2014-10-10 00:00:00,10.180,10.000,10.680,10.520,63000,65571360.00
2014-10-13 00:00:00,10.550,10.130,10.620,10.550,46205,47774050.00
2014-10-14 00:00:00,10.310,10.160,10.550,10.260,36750,37849440.00
2014-10-15 00:00:00,10.180,10.180,10.490,10.420,37452,38883550.00
2014-10-16 00:00:00,10.400,10.170,10.450,10.220,29837,30729140.00
2014-10-17 00:00:00,10.160,9.680,10.300,10.100,59861,59869780.00
2014-10-20 00:00:00,9.980,9.980,10.420,10.210,34157,34955900.00
2014-10-21 00:00:00,10.120,10.020,10.350,10.240,20769,21097900.00
2014-10-22 00:00:00,10.270,10.060,10.330,10.080,21723,22150650.00
2014-10-23 00:00:00,10.070,9.730,10.100,9.870,22794,22603460.00
2014-10-24 00:00:00,9.800,9.800,10.050,9.870,19739,19592620.00
2014-10-27 00:00:00,9.870,9.680,10.140,10.070,22676,22657350.00
2014-10-28 00:00:00,10.070,10.030,10.350,10.290,28293,29036430.00
2014-10-29 00:00:00,10.350,10.250,10.450,10.420,37882,39224250.00
2014-10-30 00:00:00,10.400,10.390,10.700,10.600,42481,44689420.00
2014-10-31 00:00:00,10.650,10.430,11.600,11.430,78483,86892070.00
2014-11-03 00:00:00,11.340,11.170,11.570,11.460,46412,52608070.00
2014-11-04 00:00:00,11.380,11.290,11.720,11.440,33176,38256710.00
2014-11-05 00:00:00,11.320,11.100,11.540,11.400,37965,42885580.00
2014-11-06 00:00:00,11.420,11.210,11.900,11.710,45133,52627450.00
2014-11-07 00:00:00,11.760,11.480,11.770,11.690,33329,38686670.00
2014-11-10 00:00:00,11.510,11.260,11.610,11.280,30795,35010020.00
2014-11-11 00:00:00,11.280,10.400,11.300,10.470,72158,77667100.00
2014-11-12 00:00:00,10.460,10.430,10.830,10.820,32177,34162220.00
2014-11-13 00:00:00,10.790,10.490,10.950,10.580,29071,31037660.00
2014-11-14 00:00:00,10.550,10.430,10.630,10.570,23186,24385510.00
2014-11-17 00:00:00,10.570,10.380,10.880,10.670,24840,26355340.00
2014-11-18 00:00:00,10.710,10.650,11.260,11.210,38078,41971010.00
2014-11-19 00:00:00,11.270,11.050,11.700,11.490,42906,49187860.00
2014-11-20 00:00:00,11.410,11.300,11.780,11.600,32535,37581420.00
2014-11-21 00:00:00,11.670,11.400,11.730,11.480,23685,27317250.00
2014-11-24 00:00:00,11.500,11.230,11.630,11.460,44021,50178930.00
2014-11-25 00:00:00,11.480,11.270,11.950,11.740,41040,47421100.00
2014-11-26 00:00:00,11.650,11.500,12.150,11.990,45311,53937290.00
2014-11-27 00:00:00,12.050,11.950,12.590,12.440,54373,66912280.00
2014-11-28 00:00:00,12.640,12.230,12.640,12.400,44236,54753760.00
2014-12-01 00:00:00,12.420,12.030,12.660,12.100,32159,39431820.00
2014-12-02 00:00:00,12.080,11.860,12.220,12.120,22891,27708150.00
2014-12-03 00:00:00,12.100,11.470,12.210,11.970,51702,60527670.00
2014-12-04 00:00:00,12.000,11.600,12.100,11.880,39807,46991980.00
2014-12-05 00:00:00,12.000,10.690,12.000,10.930,84354,94013740.00
2014-12-08 00:00:00,10.790,10.570,11.380,10.850,48909,53420110.00
2014-12-09 00:00:00,10.680,9.880,10.690,9.890,73918,76488360.00
2014-12-10 00:00:00,9.800,9.760,10.470,10.310,39090,39841510.00
2014-12-11 00:00:00,10.000,10.000,10.350,10.200,42961,43634860.00
2014-12-12 00:00:00,10.200,10.030,11.220,11.220,113159,123884200.00
2014-12-15 00:00:00,11.210,10.880,11.550,11.480,78771,88760880.00
2014-12-16 00:00:00,11.150,11.150,12.200,11.610,77321,90847380.00
2014-12-17 00:00:00,11.470,11.100,12.400,12.270,122790,144832000.00
2014-12-18 00:00:00,12.100,11.830,12.360,11.970,44940,54342550.00
2014-12-19 00:00:00,11.930,11.350,12.150,11.660,41501,48320420.00
2014-12-22 00:00:00,11.390,10.660,11.700,11.330,71417,79067880.00
2014-12-23 00:00:00,11.030,10.800,11.190,10.870,20105,22038850.00
2014-12-24 00:00:00,10.880,10.850,11.310,11.290,21416,23800390.00
2014-12-25 00:00:00,11.270,11.030,11.270,11.180,33430,37223980.00
2014-12-26 00:00:00,11.050,11.020,11.250,11.220,18180,20234660.00
2014-12-29 00:00:00,11.210,10.800,11.210,10.890,27905,30653960.00
2014-12-30 00:00:00,10.760,10.300,10.990,10.440,25142,26621210.00
2014-12-31 00:00:00,10.440,10.440,10.650,10.610,22369,23728810.00
2015-01-05 00:00:00,10.600,10.550,10.980,10.810,25776,27650840.00
2015-01-06 00:00:00,10.760,10.500,10.990,10.970,24805,26843040.00
2015-01-07 00:00:00,10.980,10.980,11.470,11.300,33621,38030880.00
2015-01-08 00:00:00,11.220,11.160,11.450,11.190,22583,25445280.00
2015-01-09 00:00:00,11.250,11.100,11.440,11.140,26462,29883190.00
2015-01-12 00:00:00,11.230,10.590,11.230,10.740,24966,26730400.00
2015-01-13 00:00:00,10.800,10.550,11.080,10.920,17004,18318460.00
2015-01-14 00:00:00,10.920,10.600,10.940,10.780,17708,19139370.00
2015-01-15 00:00:00,10.790,10.700,10.840,10.790,18798,20222970.00
2015-01-16 00:00:00,10.790,10.630,10.890,10.840,17816,19202030.00
2015-01-19 00:00:00,10.650,10.430,11.180,11.000,37797,41482500.00
2015-01-20 00:00:00,11.100,11.080,11.880,11.700,61985,71792860.00
2015-05-29 00:00:00,12.870,12.870,12.870,12.870,12640,16267720.00
2015-06-01 00:00:00,14.160,14.160,14.160,14.160,3607,5107384.00
2015-06-02 00:00:00,15.580,15.580,15.580,15.580,3509,5467208.00
2015-06-03 00:00:00,17.140,17.140,17.140,17.140,10133,17368750.00
2015-06-04 00:00:00,18.850,18.800,18.850,18.850,315661,594968000.00
2015-06-05 00:00:00,18.900,17.900,19.730,18.770,326259,607422700.00
2015-06-08 00:00:00,18.980,18.010,19.270,18.050,219395,406239900.00
2015-06-09 00:00:00,18.060,17.850,18.650,18.560,164268,300209800.00
2015-06-10 00:00:00,18.460,18.220,19.410,18.890,242316,457987000.00
2015-06-11 00:00:00,18.850,18.130,20.640,19.960,206356,401697000.00
2015-06-12 00:00:00,19.790,19.630,21.960,21.470,208546,432972400.00
2015-06-15 00:00:00,21.920,20.580,23.000,20.840,197568,429500100.00
2015-06-16 00:00:00,20.500,19.190,20.500,19.460,153327,301965600.00
2015-06-17 00:00:00,19.460,18.490,20.360,20.060,140158,271668000.00
2015-06-18 00:00:00,19.800,18.400,19.990,18.700,106886,208052300.00
2015-06-19 00:00:00,18.100,16.830,18.450,16.830,95389,167035300.00
2015-06-23 00:00:00,16.660,15.380,17.200,16.400,91378,148653200.00
2015-06-24 00:00:00,16.530,16.530,17.450,17.250,127511,215499900.00
2015-06-25 00:00:00,17.410,16.770,18.180,16.950,94476,164649100.00
2015-06-26 00:00:00,15.990,15.260,17.490,15.260,132694,212719700.00
2015-06-29 00:00:00,15.600,13.730,15.970,13.730,113010,163507800.00
2015-06-30 00:00:00,13.850,12.410,15.100,15.100,154286,212129500.00
2015-07-01 00:00:00,14.700,13.590,15.500,13.590,97253,143336400.00
2015-07-02 00:00:00,13.590,12.230,14.020,12.230,110912,144849400.00
2015-07-03 00:00:00,11.650,11.010,12.370,11.010,143685,163473200.00
2015-07-06 00:00:00,12.110,9.910,12.110,9.910,149871,161206500.00
2015-07-07 00:00:00,9.050,8.920,9.350,8.920,45749,41002290.00
2015-07-08 00:00:00,8.030,8.030,8.030,8.030,3759,3018477.00
2015-07-09 00:00:00,7.230,7.230,8.830,8.830,120184,96200820.00
2015-07-10 00:00:00,9.010,8.930,9.710,9.710,42215,39986720.00
2015-07-13 00:00:00,10.600,10.100,10.680,10.680,96233,101672700.00
2015-07-14 00:00:00,11.300,11.230,11.750,11.750,190216,222248500.00
2015-07-15 00:00:00,11.500,10.580,11.970,10.580,149948,168651000.00
2015-07-16 00:00:00,9.810,9.680,11.600,11.570,95921,103010700.00
2015-07-17 00:00:00,11.500,11.210,12.500,12.140,85020,102227000.00
2015-07-20 00:00:00,12.140,11.930,13.190,13.150,110353,138333100.00
2015-07-21 00:00:00,12.890,12.500,13.700,13.260,89306,118478800.00
2015-07-22 00:00:00,13.200,12.660,13.700,13.440,87854,115397900.00
2015-07-23 00:00:00,13.300,13.180,14.780,14.730,100543,142539600.00
2015-07-24 00:00:00,14.500,14.100,14.940,14.170,87858,127121000.00
2015-07-27 00:00:00,13.780,12.750,14.530,12.750,110785,150211100.00
2015-07-28 00:00:00,12.000,11.480,13.100,12.070,84063,101190100.00
2015-07-29 00:00:00,12.800,11.700,13.100,13.080,50387,62665070.00
2015-07-30 00:00:00,13.060,12.500,13.490,12.690,63258,83439010.00
2015-07-31 00:00:00,12.340,12.330,13.000,12.970,61427,77946660.00
2015-08-03 00:00:00,12.700,11.820,13.190,11.930,44470,55504280.00
2015-08-04 00:00:00,12.030,12.000,13.120,13.010,50220,63475400.00
2015-08-05 00:00:00,12.910,12.620,13.440,12.760,46016,60019360.00
2015-08-06 00:00:00,12.600,12.500,13.330,12.960,44856,58253210.00
2015-08-07 00:00:00,13.200,12.960,13.660,13.470,45060,60444710.00
2015-08-10 00:00:00,13.880,13.520,14.560,14.240,57225,80821920.00
2015-08-11 00:00:00,14.250,14.100,14.650,14.380,63924,91986660.00
2015-08-12 00:00:00,14.910,14.500,15.500,14.800,92835,138856800.00
2015-08-13 00:00:00,14.510,13.910,14.960,14.880,68303,99518230.00
2015-08-14 00:00:00,14.870,14.600,15.500,15.330,103223,155312900.00
2015-08-17 00:00:00,15.340,14.950,15.650,15.580,83427,128175100.00
2015-08-18 00:00:00,15.500,14.020,15.500,14.020,103017,153826900.00
2015-08-19 00:00:00,13.670,13.100,14.710,14.580,73662,102667000.00
2015-08-20 00:00:00,14.000,14.000,15.200,14.560,51119,75567790.00
2015-08-21 00:00:00,14.200,13.510,14.740,13.560,48092,67610860.00
2015-08-24 00:00:00,12.650,12.200,12.980,12.200,24265,29969590.00
2015-08-25 00:00:00,10.980,10.980,11.150,10.980,80046,87971520.00
2015-08-26 00:00:00,10.250,9.880,11.340,9.930,67802,71458410.00
2015-08-27 00:00:00,10.490,9.700,10.590,10.460,53906,55140200.00
2015-08-28 00:00:00,10.510,10.510,11.510,11.510,64842,72392370.00
2015-08-31 00:00:00,11.450,10.570,11.450,10.660,54778,60396370.00
2015-09-01 00:00:00,10.660,9.700,10.880,10.300,40785,41645440.00
2015-09-02 00:00:00,9.750,9.580,10.780,9.730,31036,31416240.00
2015-09-07 00:00:00,9.950,9.900,10.440,10.030,25275,25622150.00
2015-09-08 00:00:00,10.030,9.960,10.670,10.620,41544,42979310.00
2015-09-09 00:00:00,10.680,10.500,11.260,10.990,65937,71760960.00
2015-09-10 00:00:00,10.810,10.520,10.990,10.630,38450,41302760.00
2015-09-11 00:00:00,10.790,10.560,10.940,10.880,34017,36675240.00
2015-09-14 00:00:00,11.970,11.450,11.970,11.730,226924,269631600.00
2015-09-15 00:00:00,11.020,10.560,11.200,10.560,137714,146801700.00
2015-09-16 00:00:00,10.230,10.230,11.580,11.310,127131,137861500.00
2015-09-17 00:00:00,11.100,10.230,11.330,10.290,112156,122599800.00
2015-09-18 00:00:00,10.420,10.200,10.680,10.530,53781,55971000.00
2015-09-21 00:00:00,10.200,10.070,10.850,10.780,57178,60467140.00
2015-09-22 00:00:00,10.810,10.680,11.510,11.250,86605,96129280.00
2015-09-23 00:00:00,10.990,10.660,11.080,10.870,57488,62672320.00
2015-09-24 00:00:00,10.830,10.820,11.450,11.180,49679,55472100.00
2015-09-25 00:00:00,11.100,10.670,11.170,10.780,40488,44084130.00
2015-09-28 00:00:00,10.780,10.780,11.800,11.730,81345,93005830.00
2015-09-29 00:00:00,11.310,11.250,12.580,11.860,79501,94785950.00
2015-09-30 00:00:00,11.860,11.660,12.230,11.730,39759,47275680.00
2015-10-08 00:00:00,12.190,11.810,12.830,12.530,69221,85872180.00
2015-10-09 00:00:00,12.530,12.110,13.120,12.970,59156,76023850.00
2015-10-12 00:00:00,12.980,12.970,13.980,13.740,67094,90790660.00
2015-10-13 00:00:00,13.710,13.500,14.410,14.230,65908,92562990.00
2015-10-14 00:00:00,14.000,13.750,14.300,13.800,42579,59689180.00
2015-10-15 00:00:00,13.750,13.750,14.200,14.080,31926,44809680.00
2015-10-16 00:00:00,14.050,14.050,15.380,15.210,91860,136279400.00
2015-10-19 00:00:00,15.230,14.620,15.610,14.830,51105,77015860.00
2015-10-20 00:00:00,14.800,14.800,15.450,15.000,44566,67082190.00
2015-10-21 00:00:00,15.100,13.500,15.110,13.820,72690,104487600.00
2015-10-22 00:00:00,13.830,13.600,14.980,14.830,53667,76692630.00
2015-10-23 00:00:00,14.820,14.530,15.190,14.890,57072,84954480.00
2015-10-26 00:00:00,15.380,14.750,15.380,15.080,53043,79983450.00
2015-10-27 00:00:00,15.140,14.500,15.200,15.100,44794,66752210.00
2015-10-28 00:00:00,15.100,14.380,15.300,14.600,43107,64070530.00
2015-10-29 00:00:00,14.680,14.520,15.050,14.830,30732,45549310.00
2015-10-30 00:00:00,14.850,14.710,16.000,15.480,69940,109237600.00
